-14.764981 -18.201893 0.000000
-15.036134 -18.175652 0.000000
-15.303658 -18.140706 0.000000
-15.566994 -18.108253 0.000000
-15.825398 -18.066389 0.000000
-16.076176 -18.007681 0.000000
-16.326042 -17.945497 0.000000
-16.578138 -17.887940 0.000000
-16.827369 -17.816221 0.000000
-17.070217 -17.727839 0.000000
-17.308475 -17.628595 0.000000
-17.544580 -17.525088 0.000000
-17.778988 -17.420515 0.000000
-18.013268 -17.300880 0.000000
-18.246315 -17.162993 0.000000
-18.479128 -17.020553 0.000000
-18.710777 -16.874957 0.000000
-18.936813 -16.715792 0.000000
-19.157582 -16.543903 0.000000
-19.374851 -16.363579 0.000000
-19.590862 -16.180744 0.000000
-19.801821 -15.991684 0.000000
-19.996230 -15.787124 0.000000
-20.172142 -15.570667 0.000000
-20.343807 -15.355768 0.000000
-20.514572 -15.145221 0.000000
-20.677773 -14.932195 0.000000
-20.827517 -14.712928 0.000000
-20.961530 -14.483447 0.000000
-21.088060 -14.250814 0.000000
-21.210073 -14.019119 0.000000
-21.323463 -13.780080 0.000000
-21.430229 -13.533723 0.000000
-21.532179 -13.284155 0.000000
-21.629931 -13.032742 0.000000
-21.719493 -12.777931 0.000000
-21.799408 -12.519122 0.000000
-21.866256 -12.254904 0.000000
-21.918648 -11.984851 0.000000
-21.962975 -11.713150 0.000000
-22.002861 -11.445986 0.000000
-22.032595 -11.181384 0.000000
-22.053413 -10.914266 0.000000
-22.070799 -10.646494 0.000000
-22.075546 -10.374452 0.000000
-22.064360 -10.101800 0.000000
-22.043099 -9.828901 0.000000
-22.011553 -9.554182 0.000000
-21.966302 -9.281776 0.000000
-21.910143 -9.013327 0.000000
-21.843641 -8.750749 0.000000
-21.776021 -8.494863 0.000000
-21.711249 -8.243015 0.000000
-21.638072 -7.989468 0.000000
-21.551331 -7.735301 0.000000
-21.453808 -7.483945 0.000000
-21.351076 -7.234701 0.000000
-21.237326 -6.991181 0.000000
-21.108806 -6.758295 0.000000
-20.971035 -6.534164 0.000000
-20.831617 -6.311671 0.000000
-20.684636 -6.091590 0.000000
-20.529779 -5.870453 0.000000
-20.366171 -5.652929 0.000000
-20.184143 -5.447284 0.000000
-19.994536 -5.245712 0.000000
-19.801260 -5.047203 0.000000
-19.600495 -4.857060 0.000000
-19.393025 -4.678875 0.000000
-19.177786 -4.507622 0.000000
-18.956533 -4.339978 0.000000
-18.733689 -4.173370 0.000000
-18.509545 -4.010039 0.000000
-18.282158 -3.858623 0.000000
-18.053026 -3.726453 0.000000
-17.820073 -3.615824 0.000000
-17.579173 -3.512136 0.000000
-17.333597 -3.408781 0.000000
-17.091323 -3.308592 0.000000
-16.849792 -3.218840 0.000000
-16.598967 -3.138937 0.000000
-16.337859 -3.069257 0.000000
-16.072390 -3.010446 0.000000
-15.808677 -2.962373 0.000000
-15.544622 -2.930922 0.000000
-15.277917 -2.908641 0.000000
-15.011062 -2.888632 0.000000
-14.743119 -2.870223 0.000000
-14.471218 -2.862521 0.000000
-14.192619 -2.870604 0.000000
-13.912570 -2.891600 0.000000
-13.640623 -2.925518 0.000000
-13.380199 -2.975973 0.000000
-13.123403 -3.033694 0.000000
-12.869704 -3.100519 0.000000
-12.615527 -3.175033 0.000000
-12.365432 -3.258945 0.000000
-12.125598 -3.354943 0.000000
-11.894703 -3.459884 0.000000
-11.676400 -3.583233 0.000000
-11.459745 -3.708915 0.000000
-11.239878 -3.822577 0.000000
-11.010235 -3.906562 0.000000
-10.776398 -3.972525 0.000000
-10.545542 -4.055776 0.000000
-10.318047 -4.149768 0.000000
-10.092268 -4.254017 0.000000
-9.865309 -4.368620 0.000000
-9.640118 -4.489399 0.000000
-9.419106 -4.621826 0.000000
-9.199781 -4.760974 0.000000
-8.979280 -4.913777 0.000000
-8.759217 -5.083034 0.000000
-8.542683 -5.264785 0.000000
-8.325570 -5.445138 0.000000
-8.104601 -5.612197 0.000000
-7.880767 -5.756873 0.000000
-7.653524 -5.876329 0.000000
-7.420200 -5.974667 0.000000
-7.180097 -6.043845 0.000000
-6.929029 -6.086169 0.000000
-6.665522 -6.107046 0.000000
-6.393961 -6.095093 0.000000
-6.120205 -6.058445 0.000000
-5.850298 -6.005812 0.000000
-5.589355 -5.930993 0.000000
-5.338243 -5.832702 0.000000
-5.097868 -5.711669 0.000000
-4.873445 -5.566033 0.000000
-4.671565 -5.391065 0.000000
-4.492567 -5.186418 0.000000
-4.330336 -4.964330 0.000000
-4.181940 -4.735891 0.000000
-4.059117 -4.502931 0.000000
-3.968580 -4.261796 0.000000
-3.903034 -4.005068 0.000000
-3.864782 -3.731157 0.000000
-3.856241 -3.447225 0.000000
-3.878848 -3.166651 0.000000
-3.935847 -2.898492 0.000000
-4.017636 -2.640464 0.000000
-4.123290 -2.392322 0.000000
-4.258756 -2.156540 0.000000
-4.421125 -1.932163 0.000000
-4.605215 -1.720289 0.000000
-4.805176 -1.530749 0.000000
-5.019591 -1.371360 0.000000
-5.243059 -1.231357 0.000000
-5.480916 -1.114539 0.000000
-5.737266 -1.031632 0.000000
-6.006752 -0.977668 0.000000
-6.282256 -0.938004 0.000000
-6.561746 -0.907958 0.000000
-6.844527 -0.885861 0.000000
-7.126998 -0.863015 0.000000
-7.406673 -0.833416 0.000000
-7.683591 -0.797158 0.000000
-7.963406 -0.767897 0.000000
-8.246207 -0.745848 0.000000
-8.529674 -0.725410 0.000000
-8.810902 -0.699561 0.000000
-9.088696 -0.665418 0.000000
-9.363502 -0.624059 0.000000
-9.641039 -0.589296 0.000000
-9.922279 -0.563476 0.000000
-10.200924 -0.531398 0.000000
-10.475174 -0.488944 0.000000
-10.746696 -0.442712 0.000000
-11.012853 -0.394196 0.000000
-11.274075 -0.342699 0.000000
-11.545795 -0.308869 0.000000
-11.827795 -0.303836 0.000000
-12.101075 -0.331294 0.000000
-12.362093 -0.383100 0.000000
-12.628040 -0.432117 0.000000
-12.899944 -0.477402 0.000000
-13.174510 -0.519087 0.000000
-13.451213 -0.555856 0.000000
-13.730956 -0.585291 0.000000
-14.009723 -0.617083 0.000000
-14.286099 -0.654650 0.000000
-14.562934 -0.691109 0.000000
-14.842866 -0.720088 0.000000
-15.125492 -0.742560 0.000000
-15.408577 -0.763920 0.000000
-15.691967 -0.784545 0.000000
-15.975213 -0.805519 0.000000
-16.258894 -0.825441 0.000000
-16.542398 -0.845789 0.000000
-16.826124 -0.865485 0.000000
-17.109243 -0.884930 0.000000
-17.390255 -0.898042 0.000000
-17.664719 -0.892844 0.000000
-17.933299 -0.860352 0.000000
-18.196844 -0.815448 0.000000
-18.452873 -0.763181 0.000000
-18.704703 -0.697728 0.000000
-18.952048 -0.620295 0.000000
-19.192967 -0.522768 0.000000
-19.429021 -0.399269 0.000000
-19.660718 -0.256019 0.000000
-19.890882 -0.107231 0.000000
-20.116430 0.050098 0.000000
-20.326105 0.232930 0.000000
-20.518782 0.434023 0.000000
-20.703619 0.638048 0.000000
-20.884281 0.843487 0.000000
-21.051363 1.055158 0.000000
-21.191216 1.280695 0.000000
-21.305668 1.510498 0.000000
-21.401147 1.738266 0.000000
-21.485801 1.973186 0.000000
-21.566643 2.215126 0.000000
-21.644398 2.464663 0.000000
-21.707952 2.720207 0.000000
-21.746130 2.981254 0.000000
-21.761399 3.250099 0.000000
-21.764776 3.518170 0.000000
-21.759371 3.786059 0.000000
-21.735883 4.056749 0.000000
-21.688816 4.319349 0.000000
-21.629378 4.573059 0.000000
-21.557627 4.826892 0.000000
-21.468338 5.078591 0.000000
-21.362258 5.319074 0.000000
-21.251228 5.547600 0.000000
-21.135035 5.771057 0.000000
-20.996317 5.990350 0.000000
-20.837486 6.204743 0.000000
-20.665390 6.416183 0.000000
-20.475336 6.615869 0.000000
-20.267405 6.801015 0.000000
-20.050964 6.979530 0.000000
-19.828142 7.141888 0.000000
-19.601071 7.279411 0.000000
-19.371066 7.397247 0.000000
-19.132178 7.505770 0.000000
-18.883888 7.606385 0.000000
-18.628627 7.691789 0.000000
-18.367974 7.753913 0.000000
-18.106448 7.799891 0.000000
-17.841634 7.834662 0.000000
-17.574710 7.854395 0.000000
-17.307601 7.850877 0.000000
-17.035427 7.827196 0.000000
-16.759927 7.792186 0.000000
-16.485843 7.749453 0.000000
-16.219298 7.688401 0.000000
-15.964206 7.602487 0.000000
-15.719840 7.501348 0.000000
-15.486807 7.382038 0.000000
-15.258874 7.244515 0.000000
-15.037385 7.091617 0.000000
-14.826400 6.921787 0.000000
-14.619407 6.744066 0.000000
-14.416949 6.557231 0.000000
-14.219951 6.360511 0.000000
-14.031385 6.157650 0.000000
-13.853495 5.946755 0.000000
-13.679193 5.737320 0.000000
-13.505183 5.543293 0.000000
-13.332613 5.363713 0.000000
-13.142776 5.192852 0.000000
-12.940570 5.026129 0.000000
-12.746346 4.866980 0.000000
-12.565430 4.715120 0.000000
-12.385422 4.566578 0.000000
-12.200984 4.428991 0.000000
-11.989874 4.334941 0.000000
-11.756817 4.278487 0.000000
-11.516306 4.233149 0.000000
-11.269678 4.204585 0.000000
-11.019362 4.182969 0.000000
-10.769856 4.163007 0.000000
-10.518337 4.145254 0.000000
-10.258127 4.145653 0.000000
-9.984997 4.163089 0.000000
-9.706740 4.191234 0.000000
-9.427649 4.221893 0.000000
-9.149542 4.255269 0.000000
-8.877378 4.303012 0.000000
-8.609903 4.362079 0.000000
-8.347194 4.432660 0.000000
-8.088782 4.513619 0.000000
-7.834630 4.604870 0.000000
-7.585068 4.707194 0.000000
-7.338135 4.815553 0.000000
-7.094341 4.928226 0.000000
-6.860638 5.051715 0.000000
-6.644899 5.199076 0.000000
-6.435164 5.361070 0.000000
-6.215786 5.519828 0.000000
-5.993780 5.682673 0.000000
-5.781607 5.858420 0.000000
-5.582017 6.044740 0.000000
-5.388422 6.239976 0.000000
-5.202014 6.447603 0.000000
-5.029062 6.666481 0.000000
-4.864553 6.890124 0.000000
-4.708299 7.117292 0.000000
-4.560864 7.348118 0.000000
-4.426885 7.584521 0.000000
-4.309613 7.827847 0.000000
-4.200169 8.074412 0.000000
-4.098658 8.324105 0.000000
-4.008352 8.576637 0.000000
-3.932771 8.827711 0.000000
-3.878326 9.077159 0.000000
-3.837022 9.331845 0.000000
-3.797951 9.596658 0.000000
-3.763033 9.870851 0.000000
-3.739345 10.152456 0.000000
-3.729719 10.440207 0.000000
-3.728136 10.729469 0.000000
-3.732000 11.011617 0.000000
-3.753375 11.281414 0.000000
-3.799919 11.546035 0.000000
-3.859799 11.811377 0.000000
-3.930522 12.073853 0.000000
-4.010845 12.332489 0.000000
-4.100752 12.587157 0.000000
-4.199691 12.838082 0.000000
-4.302606 13.087358 0.000000
-4.420436 13.330454 0.000000
-4.557822 13.565444 0.000000
-4.706074 13.795932 0.000000
-4.862459 14.023049 0.000000
-5.027216 14.246692 0.000000
-5.201180 14.466417 0.000000
-5.391447 14.678089 0.000000
-5.591554 14.879529 0.000000
-5.794588 15.067852 0.000000
-6.002595 15.242912 0.000000
-6.215488 15.408339 0.000000
-6.436998 15.564688 0.000000
-6.667459 15.709840 0.000000
-6.903593 15.841057 0.000000
-7.138630 15.964544 0.000000
-7.371335 16.085196 0.000000
-7.610697 16.198708 0.000000
-7.859448 16.300010 0.000000
-8.115675 16.386002 0.000000
-8.376100 16.462092 0.000000
-8.638582 16.533223 0.000000
-8.909170 16.584782 0.000000
-9.184758 16.624152 0.000000
-9.458718 16.663955 0.000000
-9.729898 16.692048 0.000000
-9.995343 16.703855 0.000000
-10.259532 16.698548 0.000000
-10.521806 16.686388 0.000000
-10.780645 16.677767 0.000000
-11.035224 16.667364 0.000000
-11.289423 16.641971 0.000000
-11.546275 16.603233 0.000000
-11.800181 16.553148 0.000000
-12.050699 16.492227 0.000000
-12.296935 16.421972 0.000000
-12.537678 16.338575 0.000000
-12.768426 16.240815 0.000000
-12.973427 16.112508 0.000000
-13.151030 15.954270 0.000000
-13.319907 15.779129 0.000000
-13.485700 15.594366 0.000000
-13.658115 15.398256 0.000000
-13.830862 15.186553 0.000000
-14.003269 14.967601 0.000000
-14.176523 14.747601 0.000000
-14.343047 14.524696 0.000000
-14.495987 14.296299 0.000000
-14.635345 14.063928 0.000000
-14.764504 13.833731 0.000000
-14.880322 13.604864 0.000000
-14.984612 13.372340 0.000000
-15.082719 13.137605 0.000000
-15.184708 12.903070 0.000000
-15.297603 12.672066 0.000000
-15.428626 12.443538 0.000000
-15.576263 12.215689 0.000000
-15.739334 11.991784 0.000000
-15.908999 11.770347 0.000000
-16.084167 11.552913 0.000000
-16.274350 11.349784 0.000000
-16.478738 11.166973 0.000000
-16.694215 11.000109 0.000000
-16.913868 10.842872 0.000000
-17.136135 10.697297 0.000000
-17.368769 10.567498 0.000000
-17.611485 10.451604 0.000000
-17.859349 10.345410 0.000000
-18.110485 10.246881 0.000000
-18.368769 10.165618 0.000000
-18.634685 10.102995 0.000000
-18.906305 10.056605 0.000000
-19.179629 10.025094 0.000000
-19.449908 10.004224 0.000000
-19.720661 10.002200 0.000000
-19.987200 10.011282 0.000000
-20.245544 10.027749 0.000000
-20.500653 10.063435 0.000000
-20.755342 10.113878 0.000000
-21.011297 10.181104 0.000000
-21.267265 10.263856 0.000000
-21.517097 10.363538 0.000000
-21.758792 10.475278 0.000000
-21.992653 10.591758 0.000000
-22.221740 10.716005 0.000000
-22.449644 10.856556 0.000000
-22.671776 11.022064 0.000000
-22.887589 11.202289 0.000000
-23.093971 11.387826 0.000000
-23.278387 11.590818 0.000000
-23.444696 11.805809 0.000000
-23.606210 12.020189 0.000000
-23.767944 12.234278 0.000000
-23.922244 12.452082 0.000000
-24.056036 12.682325 0.000000
-24.165382 12.926976 0.000000
-24.254503 13.179810 0.000000
-24.334952 13.429007 0.000000
-24.409598 13.670870 0.000000
-24.476479 13.915941 0.000000
-24.535204 14.167708 0.000000
-24.579522 14.420702 0.000000
-24.579174 14.662580 0.000000
-24.488118 14.839089 0.000000
-24.283139 14.920370 0.000000
-24.014583 14.951816 0.000000
-23.732717 14.974176 0.000000
-23.452745 15.002999 0.000000
-23.172766 15.031789 0.000000
-22.890519 15.052569 0.000000
-22.616793 15.062235 0.000000
-22.386501 15.023941 0.000000
-22.241404 14.890567 0.000000
-22.167695 14.666347 0.000000
-22.118900 14.401434 0.000000
-22.058548 14.135033 0.000000
-21.965823 13.881548 0.000000
-21.843885 13.640158 0.000000
-21.701349 13.407410 0.000000
-21.537858 13.184626 0.000000
-21.353063 12.976579 0.000000
-21.157955 12.784826 0.000000
-20.951416 12.615038 0.000000
-20.725484 12.472360 0.000000
-20.488514 12.342926 0.000000
-20.245673 12.224614 0.000000
-19.989684 12.137819 0.000000
-19.720602 12.082992 0.000000
-19.447070 12.043420 0.000000
-19.176114 12.020586 0.000000
-18.912037 12.030105 0.000000
-18.654836 12.067561 0.000000
-18.402249 12.118788 0.000000
-18.155924 12.189363 0.000000
-17.918499 12.284280 0.000000
-17.686882 12.409752 0.000000
-17.458140 12.557654 0.000000
-17.234516 12.718876 0.000000
-17.024496 12.899176 0.000000
-16.831843 13.095896 0.000000
-16.653113 13.296973 0.000000
-16.494310 13.507698 0.000000
-16.355981 13.735528 0.000000
-16.219264 13.969651 0.000000
-16.069670 14.199431 0.000000
-15.912619 14.425000 0.000000
-15.754115 14.645442 0.000000
-15.589595 14.858547 0.000000
-15.412912 15.065809 0.000000
-15.223471 15.267197 0.000000
-15.026009 15.464025 0.000000
-14.824138 15.651279 0.000000
-14.615832 15.819890 0.000000
-14.401677 15.972493 0.000000
-14.183937 16.128262 0.000000
-13.964699 16.280195 0.000000
-13.739870 16.405089 0.000000
-13.507739 16.509756 0.000000
-13.273173 16.606329 0.000000
-13.049752 16.724562 0.000000
-12.840669 16.868365 0.000000
-12.632337 17.014144 0.000000
-12.421832 17.155828 0.000000
-12.206408 17.289332 0.000000
-11.996744 17.412728 0.000000
-11.791267 17.526620 0.000000
-11.570526 17.634174 0.000000
-11.334068 17.731601 0.000000
-11.090560 17.820219 0.000000
-10.843815 17.903666 0.000000
-10.586905 17.974272 0.000000
-10.321948 18.036334 0.000000
-10.053854 18.093652 0.000000
-9.781992 18.142114 0.000000
-9.503479 18.174516 0.000000
-9.220955 18.196884 0.000000
-8.937112 18.211200 0.000000
-8.657492 18.213514 0.000000
-8.384902 18.196550 0.000000
-8.118682 18.164942 0.000000
-7.857788 18.126369 0.000000
-7.598733 18.084356 0.000000
-7.343986 18.034648 0.000000
-7.092197 17.976680 0.000000
-6.841721 17.913421 0.000000
-6.593674 17.832933 0.000000
-6.350919 17.739460 0.000000
-6.110556 17.650440 0.000000
-5.870258 17.563503 0.000000
-5.636938 17.462231 0.000000
-5.410674 17.342877 0.000000
-5.187409 17.214701 0.000000
-4.964619 17.075528 0.000000
-4.741207 16.936879 0.000000
-4.519052 16.797467 0.000000
-4.297670 16.642900 0.000000
-4.079507 16.471117 0.000000
-3.871238 16.283333 0.000000
-3.671292 16.087300 0.000000
-3.474646 15.888525 0.000000
-3.283941 15.687418 0.000000
-3.100307 15.482547 0.000000
-2.925898 15.273220 0.000000
-2.764397 15.055754 0.000000
-2.609740 14.835426 0.000000
-2.462197 14.614182 0.000000
-2.329084 14.383043 0.000000
-2.205864 14.143430 0.000000
-2.086557 13.901049 0.000000
-1.973654 13.655914 0.000000
-1.869650 13.407089 0.000000
-1.772536 13.155408 0.000000
-1.682735 12.900697 0.000000
-1.601265 12.642532 0.000000
-1.532660 12.379040 0.000000
-1.473074 12.111953 0.000000
-1.416640 11.845202 0.000000
-1.373502 11.579202 0.000000
-1.345227 11.312698 0.000000
-1.320729 11.041998 0.000000
-1.299018 10.770210 0.000000
-1.289097 10.498284 0.000000
-1.295612 10.226718 0.000000
-1.315563 9.958170 0.000000
-1.346834 9.687387 0.000000
-1.393179 9.416468 0.000000
-1.443304 9.145466 0.000000
-1.495198 8.875195 0.000000
-1.553208 8.609097 0.000000
-1.613416 8.350156 0.000000
-1.683355 8.100471 0.000000
-1.768132 7.851823 0.000000
-1.864533 7.602902 0.000000
-1.971303 7.361023 0.000000
-2.085134 7.125652 0.000000
-2.200115 6.888078 0.000000
-2.321382 6.653156 0.000000
-2.460604 6.428619 0.000000
-2.611084 6.205000 0.000000
-2.766470 5.978809 0.000000
-2.929239 5.754553 0.000000
-3.104242 5.536432 0.000000
-3.293629 5.328719 0.000000
-3.489618 5.127684 0.000000
-3.686512 4.925809 0.000000
-3.886781 4.729967 0.000000
-4.097423 4.547711 0.000000
-4.316988 4.376481 0.000000
-4.542190 4.219930 0.000000
-4.765824 4.074714 0.000000
-4.986330 3.938430 0.000000
-5.206646 3.804247 0.000000
-5.430186 3.677714 0.000000
-5.660585 3.561455 0.000000
-5.894500 3.452352 0.000000
-6.131001 3.348265 0.000000
-6.372706 3.257862 0.000000
-6.619439 3.187207 0.000000
-6.868145 3.122069 0.000000
-7.117499 3.058510 0.000000
-7.369751 2.996532 0.000000
-7.626765 2.944451 0.000000
-7.891028 2.906151 0.000000
-8.160156 2.880456 0.000000
-8.432187 2.870324 0.000000
-8.707284 2.869169 0.000000
-8.981388 2.871223 0.000000
-9.252607 2.881436 0.000000
-9.519165 2.903514 0.000000
-9.782162 2.939941 0.000000
-10.040085 2.991960 0.000000
-10.297866 3.045774 0.000000
-10.552084 3.108365 0.000000
-10.803513 3.182270 0.000000
-11.051378 3.266089 0.000000
-11.295453 3.361976 0.000000
-11.536962 3.463396 0.000000
-11.768119 3.583547 0.000000
-11.993171 3.717007 0.000000
-12.219426 3.841196 0.000000
-12.453321 3.928176 0.000000
-12.690438 3.989441 0.000000
-12.926167 4.066839 0.000000
-13.159359 4.165403 0.000000
-13.391950 4.274835 0.000000
-13.623675 4.388373 0.000000
-13.850464 4.517485 0.000000
-14.071284 4.660014 0.000000
-14.285166 4.809939 0.000000
-14.496700 4.964659 0.000000
-14.711318 5.114957 0.000000
-14.928685 5.275300 0.000000
-15.147584 5.447356 0.000000
-15.370504 5.613438 0.000000
-15.602540 5.754938 0.000000
-15.842523 5.865427 0.000000
-16.085658 5.954672 0.000000
-16.335216 6.029806 0.000000
-16.593104 6.084201 0.000000
-16.860453 6.105505 0.000000
-17.136254 6.095348 0.000000
-17.409351 6.054918 0.000000
-17.673435 5.988037 0.000000
-17.930699 5.904314 0.000000
-18.179147 5.799285 0.000000
-18.415129 5.664158 0.000000
-18.638945 5.500201 0.000000
-18.848643 5.309266 0.000000
-19.036868 5.098056 0.000000
-19.198133 4.873173 0.000000
-19.335582 4.638215 0.000000
-19.446108 4.392093 0.000000
-19.528480 4.134307 0.000000
-19.577293 3.862764 0.000000
-19.592468 3.579226 0.000000
-19.581052 3.294605 0.000000
-19.540391 3.019715 0.000000
-19.471479 2.756351 0.000000
-19.380660 2.502061 0.000000
-19.263621 2.258637 0.000000
-19.116160 2.027936 0.000000
-18.941178 1.810672 0.000000
-18.747384 1.611594 0.000000
-18.544716 1.435923 0.000000
-18.330958 1.283633 0.000000
-18.099333 1.154891 0.000000
-17.851406 1.052065 0.000000
-17.589018 0.981006 0.000000
-17.315526 0.936483 0.000000
-17.036909 0.904327 0.000000
-16.755733 0.878354 0.000000
-16.472810 0.856601 0.000000
-16.191258 0.831536 0.000000
-15.909977 0.805816 0.000000
-15.628503 0.780564 0.000000
-15.346727 0.756039 0.000000
-15.064022 0.733758 0.000000
-14.784288 0.704303 0.000000
-14.507165 0.668540 0.000000
-14.228600 0.636259 0.000000
-13.950004 0.604053 0.000000
-13.674223 0.565048 0.000000
-13.398521 0.525854 0.000000
-13.123347 0.485382 0.000000
-12.847675 0.446113 0.000000
-12.572493 0.405660 0.000000
-12.296807 0.366443 0.000000
-12.020054 0.330381 0.000000
-11.737947 0.314386 0.000000
-11.456984 0.328696 0.000000
-11.188455 0.370357 0.000000
-10.927552 0.423123 0.000000
-10.661448 0.472333 0.000000
-10.389742 0.518265 0.000000
-10.115812 0.561503 0.000000
-9.836943 0.593040 0.000000
-9.555500 0.618368 0.000000
-9.275886 0.648116 0.000000
-8.998941 0.684310 0.000000
-8.719194 0.713733 0.000000
-8.436611 0.736310 0.000000
-8.152958 0.756300 0.000000
-7.869456 0.776654 0.000000
-7.585659 0.796296 0.000000
-7.301906 0.816045 0.000000
-7.017894 0.835168 0.000000
-6.734319 0.855336 0.000000
-6.450653 0.874928 0.000000
-6.168316 0.893400 0.000000
-5.889777 0.901502 0.000000
-5.618385 0.892876 0.000000
-5.353080 0.867959 0.000000
-5.094058 0.825287 0.000000
-4.838269 0.761883 0.000000
-4.586183 0.689154 0.000000
-4.342426 0.605046 0.000000
-4.102414 0.499037 0.000000
-3.864919 0.371884 0.000000
-3.634102 0.224625 0.000000
-3.409193 0.062765 0.000000
-3.189099 -0.110219 0.000000
-2.974850 -0.291382 0.000000
-2.773450 -0.479036 0.000000
-2.593089 -0.683319 0.000000
-2.425544 -0.897314 0.000000
-2.273315 -1.114633 0.000000
-2.146235 -1.338815 0.000000
-2.036942 -1.565033 0.000000
-1.935221 -1.795567 0.000000
-1.845079 -2.034684 0.000000
-1.765682 -2.278897 0.000000
-1.697357 -2.532554 0.000000
-1.647646 -2.793886 0.000000
-1.618003 -3.058191 0.000000
-1.606176 -3.327282 0.000000
-1.604161 -3.594838 0.000000
-1.607736 -3.861941 0.000000
-1.627718 -4.127757 0.000000
-1.678141 -4.383459 0.000000
-1.749704 -4.635749 0.000000
-1.824151 -4.886890 0.000000
-1.906821 -5.129769 0.000000
-2.007692 -5.364452 0.000000
-2.117750 -5.591536 0.000000
-2.235137 -5.814394 0.000000
-2.373711 -6.033662 0.000000
-2.533769 -6.245853 0.000000
-2.707055 -6.448226 0.000000
-2.888940 -6.632742 0.000000
-3.080678 -6.803572 0.000000
-3.283367 -6.966172 0.000000
-3.492959 -7.112744 0.000000
-3.707424 -7.253353 0.000000
-3.929368 -7.385201 0.000000
-4.160916 -7.494214 0.000000
-4.402534 -7.587201 0.000000
-4.648175 -7.670784 0.000000
-4.896760 -7.738300 0.000000
-5.147706 -7.783582 0.000000
-5.402710 -7.805325 0.000000
-5.666339 -7.830489 0.000000
-5.935094 -7.857646 0.000000
-6.207462 -7.860016 0.000000
-6.479873 -7.828803 0.000000
-6.745761 -7.768422 0.000000
-7.010494 -7.702911 0.000000
-7.273406 -7.633060 0.000000
-7.527456 -7.544563 0.000000
-7.769176 -7.437196 0.000000
-7.997942 -7.310397 0.000000
-8.220637 -7.170813 0.000000
-8.438322 -7.017446 0.000000
-8.655030 -6.852295 0.000000
-8.866892 -6.675756 0.000000
-9.064988 -6.478540 0.000000
-9.251643 -6.266445 0.000000
-9.431565 -6.050577 0.000000
-9.612573 -5.840634 0.000000
-9.793789 -5.640126 0.000000
-9.978267 -5.446835 0.000000
-10.167848 -5.258180 0.000000
-10.364352 -5.079741 0.000000
-10.562069 -4.918449 0.000000
-10.751677 -4.767929 0.000000
-10.946229 -4.621118 0.000000
-11.153423 -4.482957 0.000000
-11.374527 -4.371431 0.000000
-11.612927 -4.294683 0.000000
-11.865302 -4.241638 0.000000
-12.123632 -4.205382 0.000000
-12.380497 -4.179302 0.000000
-12.635836 -4.163909 0.000000
-12.897014 -4.152314 0.000000
-13.163185 -4.152238 0.000000
-13.430765 -4.167386 0.000000
-13.698122 -4.190024 0.000000
-13.968841 -4.221486 0.000000
-14.243166 -4.259663 0.000000
-14.517727 -4.301257 0.000000
-14.788273 -4.352895 0.000000
-15.051737 -4.421654 0.000000
-15.310325 -4.502181 0.000000
-15.564922 -4.592107 0.000000
-15.815052 -4.690007 0.000000
-16.059327 -4.791148 0.000000
-16.294649 -4.902212 0.000000
-16.524913 -5.023664 0.000000
-16.752379 -5.151101 0.000000
-16.974972 -5.288480 0.000000
-17.185616 -5.445046 0.000000
-17.391349 -5.616140 0.000000
-17.602306 -5.794573 0.000000
-17.813361 -5.986115 0.000000
-18.019526 -6.189350 0.000000
-18.216090 -6.399419 0.000000
-18.395622 -6.616920 0.000000
-18.560990 -6.840313 0.000000
-18.716774 -7.067679 0.000000
-18.859762 -7.300347 0.000000
-18.993299 -7.536933 0.000000
-19.118307 -7.777054 0.000000
-19.236783 -8.019878 0.000000
-19.344856 -8.266875 0.000000
-19.433807 -8.520165 0.000000
-19.504955 -8.774580 0.000000
-19.566738 -9.027485 0.000000
-19.625572 -9.285171 0.000000
-19.675417 -9.546420 0.000000
-19.713872 -9.807099 0.000000
-19.732811 -10.075016 0.000000
-19.728589 -10.353737 0.000000
-19.720605 -10.640590 0.000000
-19.714109 -10.929750 0.000000
-19.692829 -11.212861 0.000000
-19.649279 -11.486742 0.000000
-19.595338 -11.756315 0.000000
-19.530392 -12.021328 0.000000
-19.453762 -12.281498 0.000000
-19.371761 -12.539442 0.000000
-19.282103 -12.794213 0.000000
-19.181840 -13.044589 0.000000
-19.061198 -13.286519 0.000000
-18.919251 -13.519619 0.000000
-18.766568 -13.748270 0.000000
-18.611920 -13.976107 0.000000
-18.456975 -14.203817 0.000000
-18.285846 -14.424716 0.000000
-18.098604 -14.637670 0.000000
-17.908559 -14.843760 0.000000
-17.711861 -15.037302 0.000000
-17.500985 -15.216073 0.000000
-17.278899 -15.378629 0.000000
-17.055834 -15.528493 0.000000
-16.840721 -15.677485 0.000000
-16.623771 -15.821897 0.000000
-16.393838 -15.954456 0.000000
-16.154586 -16.078068 0.000000
-15.910150 -16.192449 0.000000
-15.660820 -16.295332 0.000000
-15.405256 -16.383172 0.000000
-15.142458 -16.453537 0.000000
-14.874186 -16.510682 0.000000
-14.604535 -16.564493 0.000000
-14.334257 -16.616792 0.000000
-14.058095 -16.654864 0.000000
-13.776948 -16.680553 0.000000
-13.495403 -16.701070 0.000000
-13.217022 -16.709502 0.000000
-12.947406 -16.700939 0.000000
-12.688473 -16.680231 0.000000
-12.437130 -16.654576 0.000000
-12.183787 -16.620615 0.000000
-11.928183 -16.580644 0.000000
-11.672832 -16.536728 0.000000
-11.420753 -16.488120 0.000000
-11.175218 -16.423034 0.000000
-10.933399 -16.344761 0.000000
-10.696766 -16.252800 0.000000
-10.471175 -16.132474 0.000000
-10.260749 -15.974116 0.000000
-10.062287 -15.792256 0.000000
-9.874236 -15.602430 0.000000
-9.699353 -15.407514 0.000000
-9.537791 -15.202880 0.000000
-9.368604 -14.990471 0.000000
-9.200793 -14.769985 0.000000
-9.045498 -14.542570 0.000000
-8.890500 -14.315030 0.000000
-8.739740 -14.087378 0.000000
-8.607922 -13.858261 0.000000
-8.494786 -13.628267 0.000000
-8.386352 -13.397483 0.000000
-8.283842 -13.164653 0.000000
-8.181432 -12.930533 0.000000
-8.069385 -12.699514 0.000000
-7.942198 -12.470984 0.000000
-7.811500 -12.244013 0.000000
-7.671868 -12.024887 0.000000
-7.506618 -11.815303 0.000000
-7.326751 -11.609404 0.000000
-7.142711 -11.402410 0.000000
-6.953199 -11.204630 0.000000
-6.746111 -11.032656 0.000000
-6.525346 -10.883220 0.000000
-6.300845 -10.747128 0.000000
-6.074728 -10.615434 0.000000
-5.845295 -10.489934 0.000000
-5.604576 -10.380435 0.000000
-5.354692 -10.282220 0.000000
-5.097189 -10.199390 0.000000
-4.834954 -10.127692 0.000000
-4.570069 -10.062756 0.000000
-4.297565 -10.020310 0.000000
-4.023776 -9.996732 0.000000
-3.752641 -9.987695 0.000000
-3.486671 -9.990038 0.000000
-3.230089 -10.007071 0.000000
-2.972512 -10.046884 0.000000
-2.714454 -10.100520 0.000000
-2.461843 -10.158262 0.000000
-2.213787 -10.224903 0.000000
-1.972611 -10.310533 0.000000
-1.736307 -10.421135 0.000000
-1.501798 -10.536475 0.000000
-1.271045 -10.652002 0.000000
-1.042350 -10.785077 0.000000
-0.816176 -10.936225 0.000000
-0.601678 -11.105956 0.000000
-0.401409 -11.290742 0.000000
-0.205173 -11.483507 0.000000
-0.008415 -11.681126 0.000000
0.173211 -11.885431 0.000000
0.323509 -12.100595 0.000000
0.455568 -12.317923 0.000000
0.585844 -12.535796 0.000000
0.704787 -12.760785 0.000000
0.809488 -12.988523 0.000000
0.907541 -13.220582 0.000000
0.990427 -13.461817 0.000000
1.055847 -13.706582 0.000000
1.114685 -13.956347 0.000000
1.170271 -14.216550 0.000000
1.208603 -14.478782 0.000000
1.187349 -14.708671 0.000000
1.062992 -14.853548 0.000000
0.837823 -14.914711 0.000000
0.564684 -14.941466 0.000000
0.282383 -14.963294 0.000000
0.002426 -14.992173 0.000000
-0.277538 -15.021014 0.000000
-0.560053 -15.041685 0.000000
-0.835710 -15.052874 0.000000
-1.072548 -15.022428 0.000000
-1.221981 -14.899813 0.000000
-1.288185 -14.679696 0.000000
-1.330729 -14.421604 0.000000
-1.393451 -14.169680 0.000000
-1.489969 -13.925666 0.000000
-1.609009 -13.684695 0.000000
-1.743708 -13.448699 0.000000
-1.901985 -13.222585 0.000000
-2.082744 -13.008356 0.000000
-2.274392 -12.810139 0.000000
-2.479275 -12.636925 0.000000
-2.702048 -12.486675 0.000000
-2.938007 -12.354790 0.000000
-3.184082 -12.244287 0.000000
-3.442437 -12.163208 0.000000
-3.712124 -12.109848 0.000000
-3.986442 -12.072003 0.000000
-4.259342 -12.050415 0.000000
-4.527518 -12.053730 0.000000
-4.787902 -12.078118 0.000000
-5.039063 -12.121140 0.000000
-5.284461 -12.186547 0.000000
-5.526590 -12.276265 0.000000
-5.765986 -12.390456 0.000000
-5.997485 -12.533676 0.000000
-6.217963 -12.702589 0.000000
-6.425112 -12.889515 0.000000
-6.616921 -13.087955 0.000000
-6.795622 -13.289163 0.000000
-6.954338 -13.499909 0.000000
-7.092122 -13.727876 0.000000
-7.227936 -13.962291 0.000000
-7.377064 -14.192243 0.000000
-7.534632 -14.417598 0.000000
-7.693409 -14.637936 0.000000
-7.854372 -14.852492 0.000000
-8.021163 -15.062870 0.000000
-8.197288 -15.264312 0.000000
-8.383960 -15.455937 0.000000
-8.581128 -15.639273 0.000000
-8.788424 -15.807674 0.000000
-9.002464 -15.960755 0.000000
-9.220903 -16.114518 0.000000
-9.443045 -16.259072 0.000000
-9.671891 -16.374218 0.000000
-9.903424 -16.480501 0.000000
-10.132709 -16.592293 0.000000
-10.356203 -16.723036 0.000000
-10.571310 -16.868197 0.000000
-10.770724 -17.017066 0.000000
-10.958331 -17.164167 0.000000
-11.165708 -17.297323 0.000000
-11.392100 -17.422034 0.000000
-11.628307 -17.535412 0.000000
-11.867994 -17.640703 0.000000
-12.107098 -17.741633 0.000000
-12.351342 -17.829294 0.000000
-12.600611 -17.903617 0.000000
-12.852035 -17.973729 0.000000
-13.105436 -18.041092 0.000000
-13.370075 -18.093044 0.000000
-13.643665 -18.134278 0.000000
-13.923188 -18.163978 0.000000
-14.205758 -18.185985 0.000000
-14.488061 -18.201811 0.000000
-14.764981 -18.201893 0.000000
