176.885544 1.721881 0.000000
177.032951 1.772385 0.000000
177.182407 1.818099 0.000000
177.292244 1.941379 0.000000
177.282051 2.113796 0.000000
177.392309 2.238144 0.000000
177.323602 2.381759 0.000000
177.288023 2.535543 0.000000
177.227308 2.678758 0.000000
177.182995 2.828750 0.000000
177.063225 2.947503 0.000000
176.986636 3.084132 0.000000
176.890569 3.212698 0.000000
176.848383 3.363570 0.000000
176.725884 3.481194 0.000000
176.682242 3.631462 0.000000
176.583924 3.759096 0.000000
176.510454 3.897017 0.000000
176.389857 4.015428 0.000000
176.347395 4.166185 0.000000
176.288432 4.310111 0.000000
176.178109 4.432775 0.000000
176.083217 4.561828 0.000000
176.004707 4.697662 0.000000
175.966583 4.850214 0.000000
175.844028 4.967815 0.000000
175.787700 5.112832 0.000000
175.682940 5.237799 0.000000
175.626721 5.382861 0.000000
175.504164 5.500461 0.000000
175.466040 5.653014 0.000000
175.387392 5.788791 0.000000
175.292623 5.917894 0.000000
175.182209 6.040521 0.000000
175.123374 6.184500 0.000000
175.080850 6.335231 0.000000
174.960283 6.453655 0.000000
174.886685 6.591523 0.000000
174.788455 6.719193 0.000000
174.744877 6.869488 0.000000
174.622378 6.987112 0.000000
174.580137 7.137960 0.000000
174.483971 7.266485 0.000000
174.407513 7.403169 0.000000
174.287715 7.521911 0.000000
174.243700 7.672025 0.000000
174.187647 7.817156 0.000000
174.075299 7.938982 0.000000
173.983266 8.069218 0.000000
173.901591 8.203741 0.000000
173.863361 8.356250 0.000000
173.740785 8.473842 0.000000
173.686910 8.619875 0.000000
173.582314 8.744910 0.000000
173.523528 8.888909 0.000000
173.401041 9.006538 0.000000
173.362811 9.159047 0.000000
173.287381 9.296156 0.000000
173.189819 9.424103 0.000000
173.081763 9.547706 0.000000
173.021775 9.691208 0.000000
172.899299 9.808841 0.000000
172.859774 9.960814 0.000000
172.737149 10.078385 0.000000
172.686171 10.225617 0.000000
172.570692 10.346147 0.000000
172.483909 10.478556 0.000000
172.396799 10.610830 0.000000
172.357839 10.763037 0.000000
172.235292 10.880641 0.000000
172.185464 11.028348 0.000000
172.082017 11.153859 0.000000
172.018384 11.295852 0.000000
171.896205 11.413608 0.000000
171.857224 11.565806 0.000000
171.787603 11.705321 0.000000
171.685276 11.831295 0.000000
171.581300 11.956587 0.000000
171.513779 12.096970 0.000000
171.474342 12.248979 0.000000
171.352351 12.366814 0.000000
171.286888 12.508049 0.000000
171.184132 12.633845 0.000000
171.135653 12.782112 0.000000
171.013121 12.899722 0.000000
170.973727 13.051749 0.000000
170.884743 13.183247 0.000000
170.799904 13.316461 0.000000
170.683377 13.436557 0.000000
170.633713 13.584333 0.000000
170.584861 13.732445 0.000000
170.467833 13.852333 0.000000
170.384040 13.985980 0.000000
170.294077 14.117073 0.000000
170.254414 14.268989 0.000000
170.131889 14.386602 0.000000
170.084103 14.535155 0.000000
169.981777 14.661130 0.000000
169.915320 14.801953 0.000000
169.793449 14.919837 0.000000
169.753727 15.071729 0.000000
169.687326 15.212576 0.000000
169.582486 15.337510 0.000000
169.481064 15.463859 0.000000
169.410311 15.602904 0.000000
169.371534 15.755187 0.000000
169.249272 15.872909 0.000000
169.186607 16.015302 0.000000
169.082850 16.140685 0.000000
169.032270 16.288081 0.000000
168.909714 16.405681 0.000000
168.870951 16.557969 0.000000
168.784872 16.690670 0.000000
168.697058 16.822652 0.000000
168.582103 16.943400 0.000000
168.529962 17.090150 0.000000
168.483272 17.239157 0.000000
168.364958 17.358513 0.000000
168.284169 17.493403 0.000000
168.191520 17.623384 0.000000
168.150946 17.774923 0.000000
168.028437 17.892542 0.000000
167.982512 18.041866 0.000000
167.881643 18.168444 0.000000
167.812295 18.308071 0.000000
167.690856 18.426133 0.000000
167.650157 18.577621 0.000000
167.586921 18.719778 0.000000
167.479695 18.843724 0.000000
167.380933 18.971174 0.000000
167.306932 19.108875 0.000000
167.268585 19.261335 0.000000
167.146148 19.378985 0.000000
167.086198 19.522502 0.000000
166.981782 19.647612 0.000000
166.928947 19.794075 0.000000
166.806373 19.911668 0.000000
166.768027 20.064129 0.000000
166.684981 20.198085 0.000000
166.594228 20.328851 0.000000
166.481042 20.450330 0.000000
166.426225 20.595972 0.000000
166.381446 20.745770 0.000000
166.262059 20.864682 0.000000
166.184277 21.000818 0.000000
166.089139 21.129768 0.000000
166.047452 21.280846 0.000000
165.924951 21.398469 0.000000
165.880698 21.548485 0.000000
165.781597 21.675795 0.000000
165.709308 21.814204 0.000000
165.588439 21.932503 0.000000
165.546527 22.083483 0.000000
165.486361 22.226827 0.000000
165.377000 22.350973 0.000000
165.226131 22.395259 0.000000
165.181598 22.547047 0.000000
165.081147 22.673863 0.000000
165.011135 22.813245 0.000000
164.889816 22.931358 0.000000
164.848857 23.082737 0.000000
164.786345 23.225194 0.000000
164.678583 23.348919 0.000000
164.580453 23.476631 0.000000
164.505699 23.614020 0.000000
164.467419 23.766508 0.000000
164.344954 23.884146 0.000000
164.285620 24.027918 0.000000
164.181101 24.152985 0.000000
164.127721 24.299223 0.000000
164.005145 24.416815 0.000000
163.966865 24.569303 0.000000
163.884540 24.703558 0.000000
163.793111 24.834044 0.000000
163.680362 24.955704 0.000000
163.624898 25.101078 0.000000
163.580528 25.251045 0.000000
163.460919 25.369865 0.000000
163.383835 25.506290 0.000000
163.288150 25.635014 0.000000
163.246175 25.785973 0.000000
163.123676 25.903596 0.000000
163.079783 26.053761 0.000000
162.981134 26.181258 0.000000
162.908156 26.319383 0.000000
162.787443 26.437746 0.000000
162.745214 26.588599 0.000000
162.685757 26.732321 0.000000
162.575785 26.855130 0.000000
162.480427 26.983990 0.000000
162.402446 27.120043 0.000000
162.364318 27.272594 0.000000
162.241771 27.390198 0.000000
162.185027 27.535043 0.000000
162.080273 27.660012 0.000000
162.024467 27.805245 0.000000
161.901904 27.922843 0.000000
161.863776 28.075394 0.000000
161.784600 28.210952 0.000000
161.690299 28.340249 0.000000
161.579540 28.462733 0.000000
161.521195 28.606915 0.000000
161.478430 28.757546 0.000000
161.357984 28.876020 0.000000
161.283894 29.013684 0.000000
161.186003 29.141495 0.000000
161.142669 29.291891 0.000000
161.020171 29.409515 0.000000
160.977711 29.560273 0.000000
160.881172 29.688644 0.000000
160.805210 29.825533 0.000000
160.685267 29.944215 0.000000
160.641526 30.094442 0.000000
160.585002 30.239378 0.000000
160.472977 30.361338 0.000000
160.380467 30.491376 0.000000
160.299310 30.626114 0.000000
160.261113 30.778637 0.000000
160.138537 30.896229 0.000000
160.084266 31.042097 0.000000
159.979619 31.167111 0.000000
159.921265 31.311290 0.000000
159.798762 31.428912 0.000000
159.760565 31.581434 0.000000
159.684601 31.718322 0.000000
159.587497 31.846459 0.000000
159.478892 31.969835 0.000000
159.417534 32.112769 0.000000
159.376129 32.263964 0.000000
159.255017 32.382162 0.000000
159.183892 32.521053 0.000000
159.084060 32.648060 0.000000
159.039171 32.797813 0.000000
158.916667 32.915435 0.000000
158.875443 33.066704 0.000000
158.781259 33.196050 0.000000
158.702294 33.331695 0.000000
158.583305 33.450772 0.000000
158.537803 33.600271 0.000000
158.484062 33.746358 0.000000
158.370157 33.867540 0.000000
158.280556 33.998782 0.000000
158.196302 34.132239 0.000000
158.157817 34.284642 0.000000
158.035249 34.402237 0.000000
157.983319 34.549075 0.000000
157.879122 34.674275 0.000000
157.818113 34.817355 0.000000
157.695736 34.935029 0.000000
157.657246 35.087430 0.000000
157.584525 35.225661 0.000000
157.484703 35.352672 0.000000
157.378400 35.477001 0.000000
157.313926 35.618645 0.000000
157.273641 35.770303 0.000000
157.152016 35.888289 0.000000
157.083813 36.028390 0.000000
156.982332 36.154715 0.000000
156.935696 36.303744 0.000000
156.813181 36.421361 0.000000
156.772991 36.573059 0.000000
156.681378 36.703468 0.000000
156.599404 36.837869 0.000000
156.481570 36.957424 0.000000
156.434060 37.106091 0.000000
156.382919 37.253255 0.000000
156.267321 37.373736 0.000000
156.180675 37.506201 0.000000
156.093435 37.638422 0.000000
156.054448 37.790617 0.000000
155.931902 37.908222 0.000000
155.882169 38.055969 0.000000
155.778765 38.181497 0.000000
155.715008 38.323439 0.000000
155.592840 38.441200 0.000000
155.553831 38.593386 0.000000
155.484354 38.732960 0.000000
155.381913 38.858887 0.000000
155.278048 38.984225 0.000000
155.210384 39.124549 0.000000
155.170981 39.276572 0.000000
155.048976 39.394400 0.000000
154.983639 39.535688 0.000000
154.880831 39.661463 0.000000
154.832262 39.809692 0.000000
154.709665 39.927275 0.000000
154.669494 40.078981 0.000000
154.546198 40.196275 0.000000
154.426258 40.314957 0.000000
154.380005 40.464145 0.000000
154.278872 40.590614 0.000000
154.210005 40.730440 0.000000
154.088485 40.848469 0.000000
154.047965 41.000030 0.000000
153.984210 41.141973 0.000000
153.877369 41.266078 0.000000
153.778160 41.393344 0.000000
153.704696 41.531267 0.000000
153.666294 41.683704 0.000000
153.543881 41.801364 0.000000
153.483488 41.944698 0.000000
153.379158 42.069843 0.000000
153.326705 42.216464 0.000000
153.204133 42.334058 0.000000
153.165732 42.486496 0.000000
153.082178 42.620242 0.000000
152.991908 42.751208 0.000000
152.878416 42.872560 0.000000
152.824054 43.018391 0.000000
152.778977 43.168065 0.000000
152.659753 43.287045 0.000000
152.581474 43.422975 0.000000
152.486732 43.552089 0.000000
152.445243 43.703249 0.000000
152.322742 43.820872 0.000000
152.278225 43.970778 0.000000
152.178811 44.097959 0.000000
152.107012 44.236571 0.000000
151.986039 44.354826 0.000000
151.944344 44.505901 0.000000
151.883685 44.649125 0.000000
151.774573 44.772291 0.000000
151.678103 44.900690 0.000000
151.601401 45.037272 0.000000
151.563240 45.189810 0.000000
151.440718 45.307424 0.000000
151.382957 45.451847 0.000000
151.278255 45.576839 0.000000
151.223429 45.722478 0.000000
151.100856 45.840071 0.000000
151.062694 45.992608 0.000000
150.982257 46.127644 0.000000
150.889091 46.257411 0.000000
150.777520 46.379559 0.000000
150.720338 46.524222 0.000000
150.676964 46.674602 0.000000
150.556850 46.793209 0.000000
150.482054 46.930501 0.000000
150.387536 47.059286 0.000000
150.245035 47.120786 0.000000
150.090926 47.153299 0.000000
149.972975 47.158022 0.000000
149.821100 47.119719 0.000000
149.676294 47.063375 0.000000
149.577680 46.936088 0.000000
149.507231 46.796996 0.000000
149.386101 46.678809 0.000000
149.344780 46.527579 0.000000
149.283212 46.384732 0.000000
149.174760 46.261293 0.000000
149.077468 46.133234 0.000000
149.001724 45.996255 0.000000
148.963514 45.843737 0.000000
148.841017 45.726113 0.000000
148.782486 45.582008 0.000000
148.677859 45.456986 0.000000
148.623752 45.311050 0.000000
148.501176 45.193458 0.000000
148.462966 45.040940 0.000000
148.381594 44.906291 0.000000
148.289281 44.776171 0.000000
148.177122 44.654267 0.000000
148.120794 44.509250 0.000000
148.076940 44.359069 0.000000
147.957056 44.240363 0.000000
147.880889 44.103559 0.000000
147.784504 43.975124 0.000000
147.742135 43.824329 0.000000
147.619636 43.706705 0.000000
147.576202 43.556350 0.000000
147.478170 43.428598 0.000000
147.404284 43.290850 0.000000
147.283787 43.172397 0.000000
147.241122 43.021724 0.000000
147.182575 42.877625 0.000000
147.071959 42.755083 0.000000
146.977464 42.625866 0.000000
146.898506 42.490217 0.000000
146.860380 42.337665 0.000000
146.737819 42.220067 0.000000
146.681843 42.074904 0.000000
146.577086 41.949936 0.000000
146.520514 41.805020 0.000000
146.397963 41.687418 0.000000
146.359838 41.534865 0.000000
146.281638 41.398903 0.000000
146.186473 41.269964 0.000000
146.076355 41.147215 0.000000
146.017103 41.003408 0.000000
145.974778 40.852594 0.000000
145.854112 40.734212 0.000000
145.780931 40.596172 0.000000
145.682418 40.468618 0.000000
145.638629 40.318410 0.000000
145.516130 40.200787 0.000000
145.474069 40.049864 0.000000
145.378225 39.921205 0.000000
145.301347 39.784696 0.000000
145.181675 39.665902 0.000000
145.137422 39.515886 0.000000
145.081766 39.370591 0.000000
144.969147 39.248877 0.000000
144.877520 39.118473 0.000000
144.795408 38.984130 0.000000
144.757145 38.831635 0.000000
144.634569 38.714043 0.000000
144.581027 38.567872 0.000000
144.476482 38.442817 0.000000
144.417328 38.298969 0.000000
144.294855 38.181335 0.000000
144.256593 38.028839 0.000000
144.181617 37.891542 0.000000
144.083674 37.763753 0.000000
143.975756 37.640093 0.000000
143.913456 37.497548 0.000000
143.872418 37.346201 0.000000
143.751135 37.228074 0.000000
143.680907 37.088812 0.000000
143.580539 36.962026 0.000000
143.535137 36.812486 0.000000
143.412630 36.694866 0.000000
143.371743 36.543457 0.000000
143.278323 36.413795 0.000000
143.198439 36.278530 0.000000
143.079780 36.159316 0.000000
143.033692 36.010060 0.000000
142.980766 35.863635 0.000000
142.866323 35.742676 0.000000
142.777620 35.611062 0.000000
142.692442 35.477988 0.000000
142.653826 35.325639 0.000000
142.531263 35.208042 0.000000
142.480020 35.060920 0.000000
142.376029 34.935634 0.000000
142.314191 34.792898 0.000000
142.191867 34.675202 0.000000
142.153243 34.522856 0.000000
142.081514 34.384215 0.000000
141.980881 34.257539 0.000000
141.875309 34.132908 0.000000
141.809867 33.991664 0.000000
141.769876 33.839884 0.000000
141.648122 33.721952 0.000000
141.580801 33.581486 0.000000
141.478879 33.455344 0.000000
141.431673 33.306551 0.000000
141.309153 33.188936 0.000000
141.269238 33.037124 0.000000
141.178448 32.906374 0.000000
141.095557 32.772353 0.000000
140.978119 32.652634 0.000000
140.929944 32.504242 0.000000
140.879557 32.356766 0.000000
140.763496 32.236477 0.000000
140.678207 32.103449 0.000000
140.593978 31.969983 0.000000
140.477415 31.849901 0.000000
140.427899 31.702065 0.000000
140.305291 31.584486 0.000000
140.265453 31.432642 0.000000
140.143083 31.314965 0.000000
140.080801 31.172413 0.000000
139.976931 31.047078 0.000000
139.926044 30.899808 0.000000
139.803485 30.782209 0.000000
139.764793 30.629892 0.000000
139.679132 30.497018 0.000000
139.590903 30.365207 0.000000
139.476185 30.244362 0.000000
139.423680 30.097763 0.000000
139.377274 29.948639 0.000000
139.258797 29.829350 0.000000
139.178429 29.694285 0.000000
139.085418 29.564454 0.000000
139.044701 29.412974 0.000000
138.922193 29.295354 0.000000
138.876514 29.145929 0.000000
138.775875 29.019256 0.000000
138.706117 28.879799 0.000000
138.584747 28.761712 0.000000
138.543860 28.610365 0.000000
138.480382 28.469609 0.000000
138.348521 28.402376 0.000000
138.224380 28.296251 0.000000
138.177318 28.147313 0.000000
138.075497 28.021129 0.000000
138.007969 27.880746 0.000000
137.886244 27.762802 0.000000
137.846186 27.611050 0.000000
137.780972 27.469711 0.000000
137.675228 27.345152 0.000000
137.574785 27.218397 0.000000
137.502822 27.079853 0.000000
137.464232 26.927493 0.000000
137.341895 26.809802 0.000000
137.280252 26.666986 0.000000
137.176209 26.541721 0.000000
137.124807 26.394665 0.000000
137.002242 26.277069 0.000000
136.963659 26.124706 0.000000
136.878697 25.991543 0.000000
136.789783 25.860016 0.000000
136.675465 25.739005 0.000000
136.622348 25.592659 0.000000
136.576400 25.443345 0.000000
136.457662 25.324164 0.000000
136.377994 25.188810 0.000000
136.284393 25.059223 0.000000
136.243428 24.907846 0.000000
136.120922 24.790225 0.000000
136.075643 24.640634 0.000000
135.975397 24.513798 0.000000
135.904959 24.374623 0.000000
135.783715 24.256479 0.000000
135.742593 24.105168 0.000000
135.680515 23.962531 0.000000
135.572435 23.838938 0.000000
135.474688 23.711068 0.000000
135.399479 23.573867 0.000000
135.361235 23.421364 0.000000
135.238754 23.303733 0.000000
135.179789 23.159807 0.000000
135.075217 23.034762 0.000000
135.021505 22.888663 0.000000
134.898928 22.771071 0.000000
134.860683 22.618568 0.000000
134.778794 22.484133 0.000000
134.686959 22.353815 0.000000
134.574479 22.232044 0.000000
134.518620 22.086833 0.000000
134.474489 21.936766 0.000000
134.354752 21.817999 0.000000
134.278090 21.681400 0.000000
134.182080 21.552810 0.000000
134.139927 21.401926 0.000000
134.017428 21.284302 0.000000
133.973748 21.134049 0.000000
133.875379 21.006436 0.000000
133.801985 20.868484 0.000000
133.681369 20.750081 0.000000
133.638943 20.599309 0.000000
133.579905 20.455414 0.000000
133.469635 20.332728 0.000000
133.374672 20.203704 0.000000
133.296243 20.067837 0.000000
133.258118 19.915284 0.000000
133.135564 19.797683 0.000000
133.079174 19.652692 0.000000
132.974414 19.527725 0.000000
132.918258 19.382637 0.000000
132.795700 19.265037 0.000000
132.757576 19.112485 0.000000
132.678847 18.976741 0.000000
132.584149 18.847609 0.000000
132.473682 18.725004 0.000000
132.414923 18.580993 0.000000
132.372362 18.430277 0.000000
132.251813 18.311846 0.000000
132.178141 18.174010 0.000000
132.079961 18.046318 0.000000
132.036421 17.896007 0.000000
131.913922 17.778383 0.000000
131.871648 17.627549 0.000000
131.775425 17.499047 0.000000
131.699043 17.362332 0.000000
131.579222 17.243600 0.000000
131.535249 17.093468 0.000000
131.479125 16.948367 0.000000
131.366826 16.826521 0.000000
131.274720 16.696315 0.000000
131.193124 16.561758 0.000000
131.154899 16.409247 0.000000
131.032323 16.291655 0.000000
130.978388 16.145648 0.000000
130.873783 16.020616 0.000000
130.815064 15.876589 0.000000
130.692574 15.758962 0.000000
130.654350 15.606451 0.000000
130.578838 15.469375 0.000000
130.481349 15.341398 0.000000
130.373057 15.217893 0.000000
130.311268 15.075137 0.000000
130.270034 14.923871 0.000000
130.148842 14.805706 0.000000
130.078129 14.666644 0.000000
129.978047 14.539741 0.000000
129.932925 14.390085 0.000000
129.810420 14.272463 0.000000
129.769353 14.121129 0.000000
129.675517 13.991639 0.000000
129.596130 13.856168 0.000000
129.477291 13.737030 0.000000
129.431523 13.587641 0.000000
129.378157 13.441398 0.000000
129.264004 13.320319 0.000000
129.174814 13.188906 0.000000
129.090135 13.055626 0.000000
129.051593 12.903246 0.000000
128.929026 12.785650 0.000000
128.877413 12.638682 0.000000
128.773307 12.513444 0.000000
128.711919 12.370522 0.000000
128.589565 12.252838 0.000000
128.551016 12.100461 0.000000
128.478750 11.962042 0.000000
128.378555 11.835185 0.000000
128.272586 11.710718 0.000000
128.207669 11.569257 0.000000
128.167521 11.417542 0.000000
128.045835 11.299581 0.000000
127.978038 11.159313 0.000000
127.876350 11.033073 0.000000
127.829456 10.884151 0.000000
127.706938 10.766535 0.000000
127.666877 10.614784 0.000000
127.575639 10.484219 0.000000
127.493244 10.349993 0.000000
127.375590 10.230364 0.000000
127.327777 10.081822 0.000000
127.276985 9.934513 0.000000
127.161166 9.814124 0.000000
127.074936 9.681486 0.000000
126.987288 9.549435 0.000000
126.948214 9.397275 0.000000
126.825672 9.279669 0.000000
126.776234 9.131800 0.000000
126.672968 9.006214 0.000000
126.608819 8.864435 0.000000
126.486686 8.746665 0.000000
126.447549 8.594601 0.000000
126.377743 8.456663 0.000000
126.253072 8.381797 0.000000
126.127803 8.280428 0.000000
126.076848 8.133251 0.000000
125.961359 8.012736 0.000000
125.875057 7.880126 0.000000
125.791840 7.746241 0.000000
125.674790 7.626361 0.000000
125.625942 7.478248 0.000000
125.503402 7.360641 0.000000
125.464158 7.208552 0.000000
125.375764 7.076809 0.000000
125.290306 6.943852 0.000000
125.174088 6.823628 0.000000
125.123929 6.676057 0.000000
125.075545 6.527751 0.000000
124.958233 6.407980 0.000000
124.875061 6.274076 0.000000
124.784527 6.143220 0.000000
124.744692 5.991375 0.000000
124.622171 5.873761 0.000000
124.574786 5.725041 0.000000
124.472735 5.598953 0.000000
124.405683 5.458375 0.000000
124.283892 5.340459 0.000000
124.243987 5.188643 0.000000
124.178247 5.047522 0.000000
124.072902 4.922797 0.000000
123.972022 4.796224 0.000000
123.900597 4.657457 0.000000
123.861927 4.505130 0.000000
123.739622 4.387426 0.000000
123.677527 4.244796 0.000000
123.573606 4.119482 0.000000
123.522571 3.972274 0.000000
123.400010 3.854676 0.000000
123.361350 3.702344 0.000000
123.275891 3.569387 0.000000
123.187464 3.437659 0.000000
123.072860 3.316766 0.000000
123.020179 3.170240 0.000000
122.973905 3.021061 0.000000
122.855058 2.901924 0.000000
122.767066 2.769990 0.000000
122.761275 2.603908 0.000000
122.662847 2.471512 0.000000
122.762683 2.339821 0.000000
122.766885 2.173166 0.000000
122.856557 2.042576 0.000000
122.992793 1.966338 0.000000
123.153718 1.948571 0.000000
123.288420 1.867428 0.000000
123.458468 1.871560 0.000000
123.626998 1.872030 0.000000
123.795337 1.872039 0.000000
123.963670 1.872034 0.000000
124.132005 1.872034 0.000000
124.300340 1.872034 0.000000
124.468675 1.872034 0.000000
124.637011 1.872034 0.000000
124.805346 1.872034 0.000000
124.973681 1.872034 0.000000
125.142016 1.872034 0.000000
125.310351 1.872034 0.000000
125.478687 1.872034 0.000000
125.647022 1.872034 0.000000
125.815357 1.872034 0.000000
125.983692 1.872034 0.000000
126.152027 1.872034 0.000000
126.320363 1.872034 0.000000
126.488698 1.872034 0.000000
126.657033 1.872034 0.000000
126.825368 1.872034 0.000000
126.993704 1.872034 0.000000
127.162039 1.872034 0.000000
127.330374 1.872034 0.000000
127.498709 1.872034 0.000000
127.667044 1.872034 0.000000
127.835380 1.872034 0.000000
128.003715 1.872034 0.000000
128.172050 1.872034 0.000000
128.340385 1.872034 0.000000
128.508720 1.872034 0.000000
128.677056 1.872034 0.000000
128.845391 1.872034 0.000000
129.013726 1.872034 0.000000
129.182061 1.872034 0.000000
129.350397 1.872034 0.000000
129.518732 1.872034 0.000000
129.687067 1.872034 0.000000
129.855402 1.872034 0.000000
130.023737 1.872034 0.000000
130.192073 1.872034 0.000000
130.360408 1.872034 0.000000
130.528743 1.872034 0.000000
130.697078 1.872034 0.000000
130.865414 1.872034 0.000000
131.033749 1.872034 0.000000
131.202084 1.872034 0.000000
131.370419 1.872034 0.000000
131.538754 1.872034 0.000000
131.707090 1.872034 0.000000
131.875425 1.872034 0.000000
132.043760 1.872034 0.000000
132.212095 1.872034 0.000000
132.380430 1.872034 0.000000
132.548766 1.872034 0.000000
132.717101 1.872034 0.000000
132.885436 1.872034 0.000000
133.053771 1.872034 0.000000
133.222107 1.872034 0.000000
133.390442 1.872034 0.000000
133.558777 1.872034 0.000000
133.727112 1.872034 0.000000
133.895447 1.872034 0.000000
134.063783 1.872034 0.000000
134.232118 1.872034 0.000000
134.400453 1.872034 0.000000
134.568788 1.872034 0.000000
134.737123 1.872034 0.000000
134.905459 1.872034 0.000000
135.073794 1.872034 0.000000
135.242129 1.872034 0.000000
135.410464 1.872034 0.000000
135.578800 1.872034 0.000000
135.747135 1.872034 0.000000
135.915470 1.872034 0.000000
136.083805 1.872034 0.000000
136.252140 1.872034 0.000000
136.420476 1.872034 0.000000
136.588811 1.872034 0.000000
136.757146 1.872034 0.000000
136.925481 1.872034 0.000000
137.093816 1.872034 0.000000
137.262152 1.872034 0.000000
137.430487 1.872034 0.000000
137.598822 1.872034 0.000000
137.767157 1.872034 0.000000
137.935493 1.872034 0.000000
138.103828 1.872034 0.000000
138.272163 1.872034 0.000000
138.440498 1.872034 0.000000
138.608833 1.872034 0.000000
138.777169 1.872034 0.000000
138.945504 1.872034 0.000000
139.113839 1.872034 0.000000
139.282174 1.872034 0.000000
139.450510 1.872034 0.000000
139.618845 1.872034 0.000000
139.787180 1.872034 0.000000
139.955515 1.872034 0.000000
140.123850 1.872034 0.000000
140.292186 1.872034 0.000000
140.460521 1.872034 0.000000
140.628856 1.872034 0.000000
140.797191 1.872034 0.000000
140.965526 1.872034 0.000000
141.133862 1.872034 0.000000
141.302197 1.872034 0.000000
141.470532 1.872034 0.000000
141.638867 1.872034 0.000000
141.807203 1.872034 0.000000
141.975538 1.872034 0.000000
142.143873 1.872034 0.000000
142.312208 1.872034 0.000000
142.480543 1.872034 0.000000
142.648879 1.872034 0.000000
142.817214 1.872034 0.000000
142.985549 1.872034 0.000000
143.153884 1.872034 0.000000
143.322219 1.872033 0.000000
143.490551 1.872025 0.000000
143.658858 1.871957 0.000000
143.827244 1.872080 0.000000
143.998273 1.878579 0.000000
144.123589 1.774782 0.000000
144.291304 1.773284 0.000000
144.459129 1.772055 0.000000
144.627413 1.771931 0.000000
144.795748 1.771930 0.000000
144.964084 1.771932 0.000000
145.132419 1.771932 0.000000
145.300755 1.771932 0.000000
145.469090 1.771932 0.000000
145.637425 1.771932 0.000000
145.805760 1.771932 0.000000
145.974095 1.771932 0.000000
146.142431 1.771932 0.000000
146.310766 1.771932 0.000000
146.479101 1.771932 0.000000
146.647436 1.771932 0.000000
146.815772 1.771932 0.000000
146.984107 1.771932 0.000000
147.152442 1.771932 0.000000
147.320777 1.771932 0.000000
147.489112 1.771932 0.000000
147.657448 1.771932 0.000000
147.825783 1.771932 0.000000
147.994118 1.771932 0.000000
148.162453 1.771932 0.000000
148.330788 1.771932 0.000000
148.499124 1.771932 0.000000
148.667459 1.771932 0.000000
148.835794 1.771932 0.000000
149.004129 1.771932 0.000000
149.172465 1.771932 0.000000
149.340800 1.771932 0.000000
149.509135 1.771932 0.000000
149.677470 1.771932 0.000000
149.845805 1.771932 0.000000
150.014141 1.771932 0.000000
150.182476 1.771932 0.000000
150.350811 1.771932 0.000000
150.519146 1.771932 0.000000
150.687482 1.771932 0.000000
150.855817 1.771932 0.000000
151.024152 1.771932 0.000000
151.192487 1.771932 0.000000
151.360822 1.771932 0.000000
151.529158 1.771932 0.000000
151.697493 1.771932 0.000000
151.865828 1.771932 0.000000
152.034163 1.771932 0.000000
152.202498 1.771932 0.000000
152.370834 1.771932 0.000000
152.539169 1.771932 0.000000
152.707504 1.771932 0.000000
152.875839 1.771932 0.000000
153.044175 1.771932 0.000000
153.212510 1.771932 0.000000
153.380845 1.771932 0.000000
153.549180 1.771932 0.000000
153.717515 1.771932 0.000000
153.885851 1.771932 0.000000
154.054186 1.771932 0.000000
154.222521 1.771932 0.000000
154.390856 1.771932 0.000000
154.559191 1.771932 0.000000
154.727527 1.771932 0.000000
154.895862 1.771932 0.000000
155.064197 1.771932 0.000000
155.232532 1.771932 0.000000
155.400868 1.771932 0.000000
155.569203 1.771932 0.000000
155.737538 1.771932 0.000000
155.905873 1.771932 0.000000
156.074208 1.771932 0.000000
156.242544 1.771932 0.000000
156.410879 1.771932 0.000000
156.579214 1.771932 0.000000
156.747549 1.771932 0.000000
156.915885 1.771932 0.000000
157.084220 1.771932 0.000000
157.252555 1.771932 0.000000
157.420890 1.771932 0.000000
157.589225 1.771932 0.000000
157.757561 1.771932 0.000000
157.925896 1.771932 0.000000
158.094231 1.771932 0.000000
158.262566 1.771932 0.000000
158.430901 1.771932 0.000000
158.599237 1.771932 0.000000
158.767572 1.771932 0.000000
158.935907 1.771932 0.000000
159.104242 1.771932 0.000000
159.272578 1.771932 0.000000
159.440913 1.771932 0.000000
159.609248 1.771932 0.000000
159.777583 1.771932 0.000000
159.945918 1.771932 0.000000
160.114254 1.771932 0.000000
160.282589 1.771932 0.000000
160.450924 1.771932 0.000000
160.619259 1.771932 0.000000
160.787594 1.771932 0.000000
160.955930 1.771932 0.000000
161.124265 1.771932 0.000000
161.292600 1.771931 0.000000
161.460933 1.771927 0.000000
161.629273 1.771938 0.000000
161.797802 1.772405 0.000000
161.967780 1.776368 0.000000
162.102810 1.696010 0.000000
162.261821 1.673513 0.000000
162.429449 1.671805 0.000000
162.597784 1.671806 0.000000
162.766129 1.671828 0.000000
162.934465 1.671830 0.000000
163.102800 1.671830 0.000000
163.271135 1.671830 0.000000
163.439470 1.671830 0.000000
163.607806 1.671830 0.000000
163.776141 1.671830 0.000000
163.944476 1.671830 0.000000
164.112811 1.671830 0.000000
164.281147 1.671830 0.000000
164.449482 1.671830 0.000000
164.617817 1.671830 0.000000
164.786152 1.671830 0.000000
164.954487 1.671830 0.000000
165.122823 1.671830 0.000000
165.291158 1.671830 0.000000
165.459493 1.671830 0.000000
165.627828 1.671830 0.000000
165.796163 1.671830 0.000000
165.964499 1.671830 0.000000
166.132834 1.671830 0.000000
166.301169 1.671830 0.000000
166.469504 1.671830 0.000000
166.637840 1.671830 0.000000
166.806175 1.671830 0.000000
166.974510 1.671830 0.000000
167.142845 1.671830 0.000000
167.311180 1.671830 0.000000
167.479516 1.671830 0.000000
167.647851 1.671830 0.000000
167.816186 1.671830 0.000000
167.984521 1.671830 0.000000
168.152857 1.671830 0.000000
168.321192 1.671830 0.000000
168.489527 1.671830 0.000000
168.657862 1.671830 0.000000
168.826197 1.671830 0.000000
168.994533 1.671830 0.000000
169.162868 1.671830 0.000000
169.331203 1.671830 0.000000
169.499538 1.671830 0.000000
169.667873 1.671830 0.000000
169.836209 1.671830 0.000000
170.004544 1.671830 0.000000
170.172879 1.671830 0.000000
170.341214 1.671830 0.000000
170.509550 1.671830 0.000000
170.677885 1.671830 0.000000
170.846220 1.671830 0.000000
171.014555 1.671830 0.000000
171.182890 1.671830 0.000000
171.351226 1.671830 0.000000
171.519561 1.671830 0.000000
171.687896 1.671830 0.000000
171.856231 1.671830 0.000000
172.024566 1.671830 0.000000
172.192902 1.671830 0.000000
172.361237 1.671830 0.000000
172.529572 1.671830 0.000000
172.697907 1.671830 0.000000
172.866243 1.671830 0.000000
173.034578 1.671830 0.000000
173.202913 1.671830 0.000000
173.371248 1.671830 0.000000
173.539583 1.671830 0.000000
173.707919 1.671830 0.000000
173.876254 1.671830 0.000000
174.044589 1.671830 0.000000
174.212924 1.671830 0.000000
174.381259 1.671830 0.000000
174.549595 1.671830 0.000000
174.717930 1.671830 0.000000
174.886265 1.671830 0.000000
175.054600 1.671830 0.000000
175.222936 1.671830 0.000000
175.391271 1.671830 0.000000
175.559606 1.671830 0.000000
175.727941 1.671830 0.000000
175.896276 1.671830 0.000000
176.064612 1.671830 0.000000
176.232947 1.671830 0.000000
176.401292 1.671806 0.000000
176.569712 1.671602 0.000000
176.738029 1.671645 0.000000
176.885544 1.721881 0.000000
