4.551109 10.130428 0.000000
4.639154 10.186914 0.000000
4.756520 10.172621 0.000000
4.846354 10.224831 0.000000
4.925263 10.303934 0.000000
5.004033 10.382963 0.000000
5.052162 10.474502 0.000000
5.088387 10.570953 0.000000
5.167999 10.649449 0.000000
5.249573 10.727133 0.000000
5.253571 10.836931 0.000000
5.340297 10.912482 0.000000
5.348636 11.020483 0.000000
5.423091 11.101114 0.000000
5.500237 11.180631 0.000000
5.553302 11.270116 0.000000
5.583299 11.369151 0.000000
5.653952 11.451356 0.000000
5.669423 11.556405 0.000000
5.752645 11.633406 0.000000
5.836191 11.710273 0.000000
5.848807 11.816504 0.000000
5.922803 11.897325 0.000000
5.948927 11.997963 0.000000
6.005648 12.085935 0.000000
6.082452 12.165594 0.000000
6.154456 12.247239 0.000000
6.165010 12.354323 0.000000
6.250588 12.430349 0.000000
6.254867 12.540031 0.000000
6.337357 12.617336 0.000000
6.417643 12.695552 0.000000
6.450494 12.793406 0.000000
6.501974 12.883548 0.000000
6.552359 12.974143 0.000000
6.586231 13.071574 0.000000
6.666333 13.149867 0.000000
6.748609 13.227260 0.000000
6.752765 13.336993 0.000000
6.838685 13.412878 0.000000
6.848624 13.520216 0.000000
6.921291 13.601587 0.000000
6.998173 13.681213 0.000000
7.053956 13.769574 0.000000
7.081074 13.869801 0.000000
7.154223 13.950972 0.000000
7.167554 14.056907 0.000000
7.251028 14.133804 0.000000
7.334348 14.210765 0.000000
7.349045 14.316134 0.000000
7.420594 14.397968 0.000000
7.449566 14.497427 0.000000
7.503599 14.586512 0.000000
7.580644 14.666071 0.000000
7.654486 14.746955 0.000000
7.663363 14.854734 0.000000
7.749833 14.930391 0.000000
7.753854 15.040179 0.000000
7.835690 15.117755 0.000000
7.915453 15.196188 0.000000
7.951212 15.292837 0.000000
7.999578 15.384269 0.000000
8.053060 15.473582 0.000000
8.084049 15.572206 0.000000
8.164673 15.650283 0.000000
8.247507 15.727445 0.000000
8.252105 15.836995 0.000000
8.336976 15.913314 0.000000
8.348726 16.019903 0.000000
8.419467 16.102071 0.000000
8.496148 16.181780 0.000000
8.554565 16.269050 0.000000
8.578898 16.370430 0.000000
8.654396 16.450629 0.000000
8.665762 16.557377 0.000000
8.749411 16.634202 0.000000
8.832433 16.711286 0.000000
8.849375 16.815726 0.000000
8.918340 16.898629 0.000000
8.950245 16.996875 0.000000
9.001510 17.087105 0.000000
9.078861 17.166538 0.000000
9.154395 17.246722 0.000000
9.161817 17.355102 0.000000
9.248935 17.430491 0.000000
9.252986 17.540267 0.000000
9.334008 17.618179 0.000000
9.413257 17.696826 0.000000
9.451949 17.792261 0.000000
9.497187 17.884987 0.000000
9.553727 17.973034 0.000000
9.581887 18.072830 0.000000
9.663025 18.150694 0.000000
9.746274 18.227684 0.000000
9.751596 18.336934 0.000000
9.835176 18.413788 0.000000
9.848932 18.519546 0.000000
9.917615 18.602566 0.000000
9.994159 18.682332 0.000000
10.055118 18.768550 0.000000
10.076779 18.871036 0.000000
10.154462 18.950331 0.000000
10.164058 19.057811 0.000000
10.247792 19.134601 0.000000
10.330453 19.211835 0.000000
10.349789 19.315283 0.000000
10.416046 19.399308 0.000000
10.450956 19.496309 0.000000
10.499384 19.587714 0.000000
10.577100 19.666995 0.000000
10.654175 19.746541 0.000000
10.660379 19.855426 0.000000
10.747903 19.930647 0.000000
10.752271 20.040292 0.000000
10.832311 20.118610 0.000000
10.911062 20.197463 0.000000
10.952695 20.291681 0.000000
10.994808 20.385701 0.000000
11.054351 20.472505 0.000000
11.079753 20.573442 0.000000
11.161386 20.651101 0.000000
11.244918 20.727974 0.000000
11.251235 20.836812 0.000000
11.333292 20.914296 0.000000
11.349234 21.019150 0.000000
11.415734 21.103074 0.000000
11.492204 21.182870 0.000000
11.555607 21.268076 0.000000
11.574723 21.371616 0.000000
11.654410 21.450081 0.000000
11.662448 21.558207 0.000000
11.746168 21.635002 0.000000
11.828417 21.712406 0.000000
11.850276 21.814810 0.000000
11.913719 21.900000 0.000000
11.951687 21.995735 0.000000
11.997228 22.088335 0.000000
12.075360 22.167444 0.000000
12.153817 22.246418 0.000000
12.159054 22.355703 0.000000
12.246741 22.430856 0.000000
12.251713 22.540251 0.000000
12.330597 22.619048 0.000000
12.408879 22.698095 0.000000
12.453441 22.791101 0.000000
12.492446 22.886407 0.000000
12.554922 22.971996 0.000000
12.577655 23.074039 0.000000
12.659755 23.151505 0.000000
12.743448 23.228312 0.000000
12.751012 23.336633 0.000000
12.831330 23.414837 0.000000
12.849622 23.518718 0.000000
12.913822 23.603594 0.000000
12.990282 23.683395 0.000000
13.056022 23.767633 0.000000
13.072736 23.872167 0.000000
13.154232 23.949883 0.000000
13.160941 24.058559 0.000000
13.244540 24.135404 0.000000
13.326334 24.212997 0.000000
13.350828 24.314310 0.000000
13.411365 24.400703 0.000000
13.452431 24.495156 0.000000
13.495050 24.588966 0.000000
13.573640 24.667885 0.000000
13.653311 24.746356 0.000000
13.657851 24.855930 0.000000
13.745456 24.931117 0.000000
13.751306 25.040148 0.000000
13.828864 25.119495 0.000000
13.906714 25.198720 0.000000
13.954177 25.290524 0.000000
13.990110 25.387103 0.000000
14.055432 25.471514 0.000000
14.075602 25.574617 0.000000
14.158130 25.651906 0.000000
14.241871 25.728693 0.000000
14.250919 25.836400 0.000000
14.329296 25.915407 0.000000
14.350087 26.018254 0.000000
14.411879 26.104127 0.000000
14.488391 26.183906 0.000000
14.556353 26.267224 0.000000
14.570825 26.372687 0.000000
14.653918 26.449741 0.000000
14.659546 26.558865 0.000000
14.742904 26.635810 0.000000
14.824211 26.713604 0.000000
14.851435 26.813787 0.000000
14.908991 26.901414 0.000000
14.953178 26.994575 0.000000
14.992858 27.089602 0.000000
15.071937 27.168318 0.000000
15.152649 27.246359 0.000000
15.156774 27.356104 0.000000
15.244056 27.431425 0.000000
15.251041 27.539987 0.000000
15.327110 27.619949 0.000000
15.404577 27.699333 0.000000
15.454896 27.789956 0.000000
15.487804 27.887786 0.000000
15.555872 27.971061 0.000000
15.573603 28.075174 0.000000
15.656510 28.152306 0.000000
15.740197 28.229114 0.000000
15.750946 28.336118 0.000000
15.827198 28.416005 0.000000
15.850619 28.517762 0.000000
15.909901 28.604674 0.000000
15.986529 28.684405 0.000000
16.056593 28.766854 0.000000
16.068996 28.873173 0.000000
16.153460 28.949660 0.000000
16.158270 29.059122 0.000000
16.241259 29.136220 0.000000
16.322057 29.214225 0.000000
16.352089 29.313245 0.000000
16.406603 29.402131 0.000000
16.453919 29.493997 0.000000
16.490662 29.590239 0.000000
16.570251 29.668745 0.000000
16.651831 29.746426 0.000000
16.655830 29.856224 0.000000
16.742545 29.931779 0.000000
16.750908 30.039770 0.000000
16.825335 30.120413 0.000000
16.902476 30.199932 0.000000
16.955586 30.289398 0.000000
16.985535 30.388453 0.000000
17.056231 30.470641 0.000000
17.071665 30.575704 0.000000
17.154892 30.652704 0.000000
17.238434 30.729573 0.000000
17.251084 30.835789 0.000000
17.325040 30.916626 0.000000
17.351210 31.017246 0.000000
17.407888 31.105236 0.000000
17.484696 31.184893 0.000000
17.556731 31.266525 0.000000
17.567256 31.373622 0.000000
17.652850 31.449641 0.000000
17.657123 31.559325 0.000000
17.739603 31.636634 0.000000
17.819881 31.714854 0.000000
17.852780 31.812688 0.000000
17.904208 31.902851 0.000000
17.954644 31.993425 0.000000
17.988468 32.090876 0.000000
18.068579 32.169166 0.000000
18.150866 32.246554 0.000000
18.155026 32.356285 0.000000
18.240931 32.432176 0.000000
18.250898 32.539503 0.000000
18.323535 32.620886 0.000000
18.400413 32.700514 0.000000
18.456240 32.788856 0.000000
18.483311 32.889103 0.000000
18.556501 32.970258 0.000000
18.569797 33.076206 0.000000
18.653275 33.153102 0.000000
18.736590 33.230065 0.000000
18.751323 33.335419 0.000000
18.822831 33.417270 0.000000
18.851850 33.516710 0.000000
18.905838 33.605813 0.000000
18.982888 33.685370 0.000000
19.056758 33.766243 0.000000
19.065610 33.874031 0.000000
19.152093 33.949683 0.000000
19.156112 34.059472 0.000000
19.237935 34.137053 0.000000
19.317690 34.215490 0.000000
19.353498 34.312119 0.000000
19.401812 34.403572 0.000000
19.455344 34.492864 0.000000
19.486287 34.591508 0.000000
19.566920 34.669581 0.000000
19.649761 34.746740 0.000000
19.654368 34.856286 0.000000
19.739220 34.932613 0.000000
19.751002 35.039189 0.000000
19.821710 35.121371 0.000000
19.898388 35.201081 0.000000
19.956848 35.288333 0.000000
19.981136 35.389732 0.000000
20.056672 35.469915 0.000000
20.068007 35.576676 0.000000
20.151658 35.653500 0.000000
20.234674 35.730587 0.000000
20.251655 35.835010 0.000000
20.320576 35.917932 0.000000
20.352530 36.016157 0.000000
20.403749 36.106407 0.000000
20.481105 36.185837 0.000000
20.556666 36.266010 0.000000
20.564066 36.374399 0.000000
20.651193 36.449784 0.000000
20.655246 36.559559 0.000000
20.736254 36.637478 0.000000
20.815494 36.716127 0.000000
20.854235 36.811543 0.000000
20.899421 36.904290 0.000000
20.956011 36.992317 0.000000
20.984125 37.092131 0.000000
21.065271 37.169992 0.000000
21.148526 37.246980 0.000000
21.153862 37.356224 0.000000
21.237419 37.433087 0.000000
21.251210 37.538831 0.000000
21.319857 37.621866 0.000000
21.396400 37.701633 0.000000
21.457400 37.787833 0.000000
21.479018 37.890337 0.000000
21.556735 37.969618 0.000000
21.566304 38.077110 0.000000
21.650038 38.153899 0.000000
21.732693 38.231135 0.000000
21.752069 38.334567 0.000000
21.818281 38.418610 0.000000
21.853241 38.515591 0.000000
21.901622 38.607016 0.000000
21.979344 38.686294 0.000000
22.056444 38.765830 0.000000
22.062629 38.874723 0.000000
22.150158 38.949941 0.000000
22.154534 39.059583 0.000000
22.234556 39.137909 0.000000
22.313300 39.216764 0.000000
22.354980 39.310963 0.000000
22.397042 39.405004 0.000000
22.456634 39.491787 0.000000
22.481991 39.592743 0.000000
22.563633 39.670399 0.000000
22.647168 39.747271 0.000000
22.653503 39.856101 0.000000
22.735533 39.933596 0.000000
22.751513 40.038434 0.000000
22.817976 40.122374 0.000000
22.894445 40.202170 0.000000
22.957888 40.287360 0.000000
22.976963 40.390917 0.000000
23.056681 40.469369 0.000000
23.064695 40.577504 0.000000
23.148415 40.654300 0.000000
23.230656 40.731707 0.000000
23.252558 40.834094 0.000000
23.315954 40.919302 0.000000
23.353973 41.015017 0.000000
23.399466 41.107637 0.000000
23.477605 41.186743 0.000000
23.556083 41.265708 0.000000
23.561307 41.374999 0.000000
23.648994 41.450152 0.000000
23.653979 41.559541 0.000000
23.732842 41.638347 0.000000
23.811116 41.717397 0.000000
23.855726 41.810383 0.000000
23.894681 41.905710 0.000000
23.957205 41.991280 0.000000
23.979894 42.093340 0.000000
24.062002 42.170803 0.000000
24.145696 42.247609 0.000000
24.153283 42.355921 0.000000
24.233570 42.434138 0.000000
24.251903 42.538002 0.000000
24.316064 42.622894 0.000000
24.392524 42.702694 0.000000
24.458301 42.786918 0.000000
24.474977 42.891467 0.000000
24.556501 42.969172 0.000000
24.563190 43.077856 0.000000
24.646786 43.154702 0.000000
24.728572 43.232298 0.000000
24.753111 43.333593 0.000000
24.813600 43.420006 0.000000
24.854717 43.514437 0.000000
24.897286 43.608268 0.000000
24.975866 43.687191 0.000000
25.055567 43.765650 0.000000
25.060544 43.875043 0.000000
25.143760 43.952047 0.000000
25.224785 44.029958 0.000000
25.253228 44.129636 0.000000
25.308873 44.218054 0.000000
25.385703 44.297702 0.000000
25.458117 44.379178 0.000000
25.469254 44.486020 0.000000
25.552972 44.562816 0.000000
25.636028 44.639887 0.000000
25.652725 44.744427 0.000000
25.721968 44.827216 0.000000
25.753561 44.925590 0.000000
25.805121 45.015699 0.000000
25.882436 45.095146 0.000000
25.957798 45.175401 0.000000
25.965373 45.283718 0.000000
26.052394 45.359147 0.000000
26.056394 45.468945 0.000000
26.140550 45.545555 0.000000
26.158565 45.649574 0.000000
26.153724 45.762988 0.000000
26.234364 45.840260 0.000000
26.263860 45.944998 0.000000
26.190723 46.028252 0.000000
26.148126 46.122393 0.000000
26.163209 46.239886 0.000000
26.097468 46.324022 0.000000
26.020768 46.406460 0.000000
25.914414 46.419073 0.000000
25.802801 46.418660 0.000000
25.726134 46.502590 0.000000
25.621636 46.519372 0.000000
25.509321 46.517294 0.000000
25.397898 46.517367 0.000000
25.286476 46.517443 0.000000
25.175008 46.517407 0.000000
25.063560 46.517418 0.000000
24.952105 46.517415 0.000000
24.840652 46.517416 0.000000
24.729199 46.517416 0.000000
24.617746 46.517416 0.000000
24.506293 46.517416 0.000000
24.394839 46.517416 0.000000
24.283386 46.517416 0.000000
24.171933 46.517416 0.000000
24.060480 46.517416 0.000000
23.949027 46.517416 0.000000
23.837573 46.517416 0.000000
23.726120 46.517416 0.000000
23.614667 46.517416 0.000000
23.503214 46.517416 0.000000
23.391761 46.517418 0.000000
23.280300 46.517399 0.000000
23.168892 46.517508 0.000000
23.057223 46.516987 0.000000
22.946680 46.519182 0.000000
22.831856 46.511051 0.000000
22.747704 46.576922 0.000000
22.655582 46.623566 0.000000
22.541080 46.616210 0.000000
22.430269 46.617759 0.000000
22.318702 46.617484 0.000000
22.207263 46.617519 0.000000
22.095810 46.617519 0.000000
21.984356 46.617517 0.000000
21.872903 46.617518 0.000000
21.761450 46.617518 0.000000
21.649997 46.617518 0.000000
21.538543 46.617518 0.000000
21.427090 46.617518 0.000000
21.315637 46.617518 0.000000
21.204184 46.617518 0.000000
21.092731 46.617518 0.000000
20.981277 46.617518 0.000000
20.869824 46.617518 0.000000
20.758371 46.617518 0.000000
20.646918 46.617518 0.000000
20.535464 46.617518 0.000000
20.424011 46.617518 0.000000
20.312558 46.617518 0.000000
20.201105 46.617518 0.000000
20.089652 46.617518 0.000000
19.978199 46.617518 0.000000
19.866744 46.617516 0.000000
19.755295 46.617526 0.000000
19.643825 46.617484 0.000000
19.532436 46.617638 0.000000
19.420790 46.617174 0.000000
19.309692 46.618032 0.000000
19.199094 46.620095 0.000000
19.122748 46.704802 0.000000
19.017248 46.719165 0.000000
18.905140 46.717586 0.000000
18.793674 46.717556 0.000000
18.682259 46.717648 0.000000
18.570790 46.717611 0.000000
18.459342 46.717622 0.000000
18.347887 46.717619 0.000000
18.236435 46.717620 0.000000
18.124981 46.717620 0.000000
18.013528 46.717620 0.000000
17.902075 46.717620 0.000000
17.790622 46.717620 0.000000
17.679168 46.717620 0.000000
17.567715 46.717620 0.000000
17.456262 46.717620 0.000000
17.344809 46.717620 0.000000
17.233356 46.717620 0.000000
17.121902 46.717620 0.000000
17.010449 46.717619 0.000000
16.898996 46.717619 0.000000
16.787544 46.717622 0.000000
16.676082 46.717601 0.000000
16.564677 46.717718 0.000000
16.452999 46.717175 0.000000
16.342465 46.719394 0.000000
16.227730 46.711476 0.000000
16.144509 46.779595 0.000000
16.051261 46.823521 0.000000
15.936903 46.816510 0.000000
15.826039 46.817933 0.000000
15.714487 46.817695 0.000000
15.603045 46.817721 0.000000
15.491592 46.817723 0.000000
15.380138 46.817721 0.000000
15.268685 46.817721 0.000000
15.157232 46.817721 0.000000
15.045779 46.817721 0.000000
14.934326 46.817721 0.000000
14.822872 46.817721 0.000000
14.711419 46.817721 0.000000
14.599966 46.817721 0.000000
14.488512 46.817721 0.000000
14.377061 46.817726 0.000000
14.265596 46.817696 0.000000
14.154202 46.817838 0.000000
14.042503 46.817246 0.000000
13.931942 46.819399 0.000000
13.817812 46.812941 0.000000
13.737474 46.888017 0.000000
13.640323 46.922523 0.000000
13.526571 46.916978 0.000000
13.415514 46.917934 0.000000
13.304014 46.917821 0.000000
13.192560 46.917818 0.000000
13.081109 46.917825 0.000000
12.969655 46.917822 0.000000
12.858202 46.917823 0.000000
12.746749 46.917823 0.000000
12.635296 46.917823 0.000000
12.523842 46.917823 0.000000
12.412389 46.917823 0.000000
12.300936 46.917823 0.000000
12.189483 46.917823 0.000000
12.078030 46.917823 0.000000
11.966576 46.917823 0.000000
11.855123 46.917823 0.000000
11.743670 46.917823 0.000000
11.632217 46.917823 0.000000
11.520764 46.917824 0.000000
11.409310 46.917822 0.000000
11.297856 46.917820 0.000000
11.186420 46.917862 0.000000
11.074842 46.917562 0.000000
10.964065 46.919194 0.000000
10.849477 46.911628 0.000000
10.758117 46.960111 0.000000
10.673309 47.024400 0.000000
10.558446 47.016174 0.000000
10.447891 47.018341 0.000000
10.336230 47.017838 0.000000
10.224819 47.017940 0.000000
10.113358 47.017923 0.000000
10.001906 47.017925 0.000000
9.890453 47.017925 0.000000
9.779000 47.017925 0.000000
9.667546 47.017925 0.000000
9.556093 47.017925 0.000000
9.444640 47.017925 0.000000
9.333187 47.017925 0.000000
9.221733 47.017925 0.000000
9.110280 47.017925 0.000000
8.998827 47.017925 0.000000
8.887370 47.017915 0.000000
8.775948 47.017991 0.000000
8.664320 47.017570 0.000000
8.553691 47.019557 0.000000
8.438820 47.011311 0.000000
8.351217 47.068857 0.000000
8.262868 47.124604 0.000000
8.148031 47.116439 0.000000
8.037375 47.118364 0.000000
7.925757 47.117966 0.000000
7.814332 47.118035 0.000000
7.702876 47.118026 0.000000
7.591423 47.118026 0.000000
7.479970 47.118027 0.000000
7.368516 47.118027 0.000000
7.257062 47.118024 0.000000
7.145614 47.118036 0.000000
7.034143 47.117993 0.000000
6.922747 47.118132 0.000000
6.811156 47.117799 0.000000
6.699720 47.117840 0.000000
6.590925 47.124254 0.000000
6.514921 47.209788 0.000000
6.407181 47.218745 0.000000
6.295534 47.218279 0.000000
6.183979 47.218034 0.000000
6.072579 47.218161 0.000000
5.961108 47.218119 0.000000
5.849660 47.218131 0.000000
5.738205 47.218128 0.000000
5.626752 47.218128 0.000000
5.515299 47.218129 0.000000
5.403846 47.218128 0.000000
5.292390 47.218123 0.000000
5.180960 47.218179 0.000000
5.069361 47.217825 0.000000
4.958653 47.219623 0.000000
4.843909 47.211684 0.000000
4.754176 47.264092 0.000000
4.667899 47.324838 0.000000
4.553004 47.316531 0.000000
4.442414 47.318616 0.000000
4.330770 47.318154 0.000000
4.219353 47.318242 0.000000
4.107894 47.318229 0.000000
3.996442 47.318230 0.000000
3.884988 47.318230 0.000000
3.773535 47.318230 0.000000
3.662081 47.318228 0.000000
3.550632 47.318239 0.000000
3.439161 47.318196 0.000000
3.327771 47.318348 0.000000
3.216135 47.317906 0.000000
3.104977 47.318619 0.000000
2.994712 47.321485 0.000000
2.918470 47.406444 0.000000
2.812505 47.419685 0.000000
2.700493 47.418339 0.000000
2.589008 47.418261 0.000000
2.477596 47.418360 0.000000
2.366130 47.418329 0.000000
2.254666 47.418304 0.000000
2.143275 47.418460 0.000000
2.031583 47.417861 0.000000
1.920893 47.419771 0.000000
1.807733 47.415497 0.000000
1.729741 47.494486 0.000000
1.626309 47.527755 0.000000
1.541701 47.456859 0.000000
1.449082 47.410692 0.000000
1.331326 47.426416 0.000000
1.246109 47.363159 0.000000
1.163744 47.286274 0.000000
1.147885 47.181229 0.000000
1.150743 47.068612 0.000000
1.067942 46.991437 0.000000
1.047892 46.888283 0.000000
1.050666 46.775682 0.000000
1.050433 46.664325 0.000000
1.050387 46.552891 0.000000
1.050418 46.441425 0.000000
1.050407 46.329976 0.000000
1.050410 46.218521 0.000000
1.050410 46.107068 0.000000
1.050410 45.995615 0.000000
1.050410 45.884162 0.000000
1.050410 45.772709 0.000000
1.050410 45.661256 0.000000
1.050410 45.549802 0.000000
1.050410 45.438349 0.000000
1.050410 45.326896 0.000000
1.050410 45.215443 0.000000
1.050410 45.103989 0.000000
1.050410 44.992536 0.000000
1.050410 44.881083 0.000000
1.050410 44.769630 0.000000
1.050410 44.658177 0.000000
1.050410 44.546723 0.000000
1.050410 44.435270 0.000000
1.050410 44.323817 0.000000
1.050410 44.212364 0.000000
1.050410 44.100911 0.000000
1.050410 43.989457 0.000000
1.050410 43.878004 0.000000
1.050410 43.766551 0.000000
1.050410 43.655098 0.000000
1.050410 43.543644 0.000000
1.050410 43.432191 0.000000
1.050410 43.320738 0.000000
1.050410 43.209285 0.000000
1.050410 43.097832 0.000000
1.050410 42.986378 0.000000
1.050410 42.874925 0.000000
1.050410 42.763472 0.000000
1.050410 42.652019 0.000000
1.050410 42.540566 0.000000
1.050410 42.429112 0.000000
1.050410 42.317659 0.000000
1.050410 42.206206 0.000000
1.050410 42.094753 0.000000
1.050410 41.983300 0.000000
1.050410 41.871846 0.000000
1.050410 41.760393 0.000000
1.050410 41.648940 0.000000
1.050410 41.537487 0.000000
1.050410 41.426033 0.000000
1.050410 41.314580 0.000000
1.050410 41.203127 0.000000
1.050410 41.091674 0.000000
1.050410 40.980221 0.000000
1.050410 40.868767 0.000000
1.050410 40.757314 0.000000
1.050410 40.645861 0.000000
1.050410 40.534408 0.000000
1.050410 40.422955 0.000000
1.050410 40.311501 0.000000
1.050410 40.200048 0.000000
1.050410 40.088595 0.000000
1.050410 39.977142 0.000000
1.050410 39.865688 0.000000
1.050410 39.754235 0.000000
1.050410 39.642782 0.000000
1.050410 39.531329 0.000000
1.050410 39.419876 0.000000
1.050410 39.308422 0.000000
1.050410 39.196969 0.000000
1.050410 39.085516 0.000000
1.050410 38.974063 0.000000
1.050410 38.862610 0.000000
1.050410 38.751156 0.000000
1.050410 38.639703 0.000000
1.050410 38.528250 0.000000
1.050410 38.416797 0.000000
1.050410 38.305343 0.000000
1.050410 38.193890 0.000000
1.050410 38.082437 0.000000
1.050410 37.970984 0.000000
1.050410 37.859531 0.000000
1.050410 37.748077 0.000000
1.050410 37.636624 0.000000
1.050410 37.525171 0.000000
1.050410 37.413718 0.000000
1.050410 37.302265 0.000000
1.050410 37.190811 0.000000
1.050410 37.079358 0.000000
1.050410 36.967905 0.000000
1.050410 36.856452 0.000000
1.050410 36.744999 0.000000
1.050410 36.633545 0.000000
1.050410 36.522092 0.000000
1.050410 36.410639 0.000000
1.050410 36.299186 0.000000
1.050410 36.187732 0.000000
1.050410 36.076279 0.000000
1.050410 35.964826 0.000000
1.050410 35.853373 0.000000
1.050410 35.741920 0.000000
1.050410 35.630466 0.000000
1.050410 35.519013 0.000000
1.050410 35.407560 0.000000
1.050410 35.296107 0.000000
1.050410 35.184654 0.000000
1.050410 35.073200 0.000000
1.050410 34.961747 0.000000
1.050410 34.850294 0.000000
1.050410 34.738841 0.000000
1.050410 34.627387 0.000000
1.050410 34.515934 0.000000
1.050410 34.404481 0.000000
1.050410 34.293028 0.000000
1.050410 34.181575 0.000000
1.050410 34.070121 0.000000
1.050410 33.958668 0.000000
1.050410 33.847215 0.000000
1.050410 33.735762 0.000000
1.050410 33.624309 0.000000
1.050410 33.512855 0.000000
1.050410 33.401402 0.000000
1.050410 33.289949 0.000000
1.050410 33.178496 0.000000
1.050410 33.067042 0.000000
1.050410 32.955589 0.000000
1.050410 32.844136 0.000000
1.050410 32.732683 0.000000
1.050410 32.621230 0.000000
1.050410 32.509776 0.000000
1.050410 32.398323 0.000000
1.050410 32.286870 0.000000
1.050410 32.175417 0.000000
1.050410 32.063964 0.000000
1.050410 31.952510 0.000000
1.050410 31.841057 0.000000
1.050410 31.729604 0.000000
1.050410 31.618151 0.000000
1.050410 31.506698 0.000000
1.050410 31.395244 0.000000
1.050410 31.283791 0.000000
1.050410 31.172338 0.000000
1.050410 31.060885 0.000000
1.050410 30.949431 0.000000
1.050410 30.837978 0.000000
1.050410 30.726525 0.000000
1.050410 30.615072 0.000000
1.050410 30.503619 0.000000
1.050410 30.392165 0.000000
1.050410 30.280712 0.000000
1.050410 30.169259 0.000000
1.050410 30.057806 0.000000
1.050410 29.946353 0.000000
1.050410 29.834899 0.000000
1.050410 29.723446 0.000000
1.050410 29.611993 0.000000
1.050410 29.500540 0.000000
1.050410 29.389086 0.000000
1.050410 29.277633 0.000000
1.050410 29.166180 0.000000
1.050410 29.054727 0.000000
1.050410 28.943274 0.000000
1.050410 28.831820 0.000000
1.050410 28.720367 0.000000
1.050410 28.608914 0.000000
1.050410 28.497461 0.000000
1.050410 28.386008 0.000000
1.050410 28.274554 0.000000
1.050410 28.163101 0.000000
1.050410 28.051648 0.000000
1.050410 27.940195 0.000000
1.050410 27.828741 0.000000
1.050410 27.717288 0.000000
1.050410 27.605835 0.000000
1.050410 27.494382 0.000000
1.050410 27.382929 0.000000
1.050410 27.271475 0.000000
1.050410 27.160022 0.000000
1.050410 27.048569 0.000000
1.050410 26.937116 0.000000
1.050410 26.825663 0.000000
1.050410 26.714209 0.000000
1.050410 26.602756 0.000000
1.050410 26.491303 0.000000
1.050410 26.379850 0.000000
1.050410 26.268397 0.000000
1.050410 26.156943 0.000000
1.050410 26.045490 0.000000
1.050410 25.934037 0.000000
1.050410 25.822584 0.000000
1.050410 25.711130 0.000000
1.050410 25.599677 0.000000
1.050410 25.488224 0.000000
1.050410 25.376771 0.000000
1.050410 25.265318 0.000000
1.050410 25.153864 0.000000
1.050410 25.042411 0.000000
1.050410 24.930958 0.000000
1.050410 24.819505 0.000000
1.050410 24.708052 0.000000
1.050410 24.596598 0.000000
1.050410 24.485145 0.000000
1.050410 24.373692 0.000000
1.050410 24.262239 0.000000
1.050410 24.150785 0.000000
1.050410 24.039332 0.000000
1.050410 23.927879 0.000000
1.050410 23.816426 0.000000
1.050410 23.704973 0.000000
1.050410 23.593519 0.000000
1.050410 23.482066 0.000000
1.050410 23.370613 0.000000
1.050410 23.259160 0.000000
1.050410 23.147707 0.000000
1.050410 23.036253 0.000000
1.050410 22.924800 0.000000
1.050410 22.813347 0.000000
1.050410 22.701894 0.000000
1.050410 22.590441 0.000000
1.050410 22.478987 0.000000
1.050410 22.367534 0.000000
1.050410 22.256081 0.000000
1.050410 22.144628 0.000000
1.050410 22.033174 0.000000
1.050410 21.921721 0.000000
1.050410 21.810268 0.000000
1.050410 21.698815 0.000000
1.050410 21.587362 0.000000
1.050410 21.475908 0.000000
1.050410 21.364455 0.000000
1.050410 21.253002 0.000000
1.050410 21.141549 0.000000
1.050410 21.030096 0.000000
1.050410 20.918642 0.000000
1.050410 20.807189 0.000000
1.050410 20.695736 0.000000
1.050410 20.584283 0.000000
1.050410 20.472829 0.000000
1.050410 20.361376 0.000000
1.050410 20.249923 0.000000
1.050410 20.138470 0.000000
1.050410 20.027017 0.000000
1.050410 19.915563 0.000000
1.050410 19.804110 0.000000
1.050410 19.692657 0.000000
1.050410 19.581204 0.000000
1.050410 19.469751 0.000000
1.050410 19.358297 0.000000
1.050410 19.246844 0.000000
1.050410 19.135391 0.000000
1.050410 19.023938 0.000000
1.050410 18.912484 0.000000
1.050410 18.801031 0.000000
1.050410 18.689578 0.000000
1.050410 18.578125 0.000000
1.050410 18.466672 0.000000
1.050410 18.355218 0.000000
1.050410 18.243765 0.000000
1.050410 18.132312 0.000000
1.050410 18.020859 0.000000
1.050410 17.909406 0.000000
1.050410 17.797952 0.000000
1.050410 17.686499 0.000000
1.050410 17.575046 0.000000
1.050410 17.463593 0.000000
1.050410 17.352140 0.000000
1.050410 17.240686 0.000000
1.050410 17.129233 0.000000
1.050410 17.017780 0.000000
1.050410 16.906327 0.000000
1.050410 16.794873 0.000000
1.050410 16.683420 0.000000
1.050410 16.571967 0.000000
1.050410 16.460514 0.000000
1.050410 16.349061 0.000000
1.050410 16.237607 0.000000
1.050410 16.126154 0.000000
1.050410 16.014701 0.000000
1.050410 15.903248 0.000000
1.050410 15.791795 0.000000
1.050410 15.680341 0.000000
1.050410 15.568888 0.000000
1.050410 15.457435 0.000000
1.050410 15.345982 0.000000
1.050410 15.234528 0.000000
1.050410 15.123075 0.000000
1.050410 15.011622 0.000000
1.050410 14.900169 0.000000
1.050410 14.788716 0.000000
1.050410 14.677262 0.000000
1.050410 14.565809 0.000000
1.050410 14.454356 0.000000
1.050410 14.342903 0.000000
1.050410 14.231450 0.000000
1.050410 14.119996 0.000000
1.050410 14.008543 0.000000
1.050410 13.897090 0.000000
1.050410 13.785637 0.000000
1.050410 13.674183 0.000000
1.050410 13.562730 0.000000
1.050410 13.451277 0.000000
1.050410 13.339824 0.000000
1.050410 13.228371 0.000000
1.050410 13.116917 0.000000
1.050410 13.005464 0.000000
1.050410 12.894011 0.000000
1.050410 12.782558 0.000000
1.050410 12.671105 0.000000
1.050410 12.559651 0.000000
1.050410 12.448198 0.000000
1.050410 12.336745 0.000000
1.050410 12.225292 0.000000
1.050410 12.113839 0.000000
1.050410 12.002385 0.000000
1.050410 11.890932 0.000000
1.050410 11.779479 0.000000
1.050410 11.668026 0.000000
1.050410 11.556572 0.000000
1.050410 11.445119 0.000000
1.050410 11.333666 0.000000
1.050411 11.222213 0.000000
1.050396 11.110754 0.000000
1.050492 10.999340 0.000000
1.050006 10.887686 0.000000
1.052147 10.777119 0.000000
1.043810 10.662215 0.000000
1.106151 10.576570 0.000000
1.158366 10.486712 0.000000
1.142117 10.368637 0.000000
1.199918 10.281016 0.000000
1.277213 10.198917 0.000000
1.379584 10.176511 0.000000
1.493840 10.183357 0.000000
1.572062 10.103171 0.000000
1.672612 10.076860 0.000000
1.785732 10.080884 0.000000
1.896964 10.080349 0.000000
2.008423 10.080364 0.000000
2.119885 10.080385 0.000000
2.231334 10.080375 0.000000
2.342789 10.080378 0.000000
2.454242 10.080377 0.000000
2.565695 10.080378 0.000000
2.677148 10.080378 0.000000
2.788602 10.080378 0.000000
2.900055 10.080378 0.000000
3.011508 10.080378 0.000000
3.122961 10.080378 0.000000
3.234414 10.080378 0.000000
3.345868 10.080378 0.000000
3.457321 10.080378 0.000000
3.568774 10.080378 0.000000
3.680227 10.080377 0.000000
3.791680 10.080378 0.000000
3.903134 10.080378 0.000000
4.014589 10.080371 0.000000
4.126022 10.080422 0.000000
4.237594 10.080135 0.000000
4.348479 10.081507 0.000000
4.462317 10.075751 0.000000
4.551109 10.130428 0.000000
