60.662321 3.523713 0.000000
60.803545 3.575254 0.000000
60.951711 3.610567 0.000000
61.063708 3.728057 0.000000
61.109088 3.871819 0.000000
61.159793 4.013401 0.000000
61.268419 4.131005 0.000000
61.365397 4.253430 0.000000
61.432153 4.388367 0.000000
61.468484 4.535898 0.000000
61.585594 4.649989 0.000000
61.662121 4.780881 0.000000
61.751599 4.906411 0.000000
61.786203 5.054657 0.000000
61.904260 5.168357 0.000000
61.959966 5.307868 0.000000
62.063212 5.427698 0.000000
62.107658 5.571870 0.000000
62.225290 5.685745 0.000000
62.264983 5.831885 0.000000
62.364997 5.953053 0.000000
62.427850 6.089605 0.000000
62.546043 6.203248 0.000000
62.579870 6.351817 0.000000
62.661745 6.480494 0.000000
62.745859 6.608245 0.000000
62.861106 6.723107 0.000000
62.901088 6.869127 0.000000
62.959540 7.007501 0.000000
63.062768 7.127339 0.000000
63.166060 7.247150 0.000000
63.224423 7.385561 0.000000
63.264455 7.531561 0.000000
63.379675 7.646435 0.000000
63.463871 7.774151 0.000000
63.545658 7.902865 0.000000
63.579485 8.051433 0.000000
63.697677 8.165077 0.000000
63.760611 8.301595 0.000000
63.860578 8.422783 0.000000
63.900227 8.568941 0.000000
64.017860 8.682816 0.000000
64.062364 8.826964 0.000000
64.165634 8.946784 0.000000
64.221264 9.086327 0.000000
64.339318 9.200027 0.000000
64.373939 9.348266 0.000000
64.463495 9.473764 0.000000
64.539938 9.604691 0.000000
64.657063 9.718775 0.000000
64.693363 9.866320 0.000000
64.760212 10.001218 0.000000
64.857116 10.123673 0.000000
64.965795 10.241255 0.000000
65.016421 10.382869 0.000000
65.061868 10.526627 0.000000
65.173897 10.642821 0.000000
65.265482 10.767479 0.000000
65.338898 10.899658 0.000000
65.373508 11.047902 0.000000
65.491379 11.161679 0.000000
65.561907 11.295053 0.000000
65.656579 11.418433 0.000000
65.692825 11.566000 0.000000
65.810658 11.679792 0.000000
65.861153 11.821460 0.000000
65.965333 11.940904 0.000000
66.014341 12.083187 0.000000
66.132111 12.197005 0.000000
66.169027 12.344295 0.000000
66.265097 12.467096 0.000000
66.333823 12.601217 0.000000
66.451826 12.714938 0.000000
66.486109 12.863318 0.000000
66.561524 12.994669 0.000000
66.651413 13.120029 0.000000
66.764318 13.235861 0.000000
66.808344 13.380207 0.000000
66.860700 13.521105 0.000000
66.968211 13.639170 0.000000
67.066670 13.760982 0.000000
67.131516 13.896709 0.000000
67.168528 14.043959 0.000000
67.285313 14.158184 0.000000
67.363569 14.288360 0.000000
67.451410 14.414568 0.000000
67.485708 14.562941 0.000000
67.603819 14.676618 0.000000
67.661098 14.815477 0.000000
67.763809 14.935529 0.000000
67.807064 15.080194 0.000000
67.924679 15.194076 0.000000
67.965330 15.339820 0.000000
68.066265 15.460607 0.000000
68.127462 15.597845 0.000000
68.245652 15.711489 0.000000
68.279523 15.860039 0.000000
68.363194 15.987973 0.000000
68.445607 16.116427 0.000000
68.561377 16.231073 0.000000
68.600388 16.377496 0.000000
68.660679 16.515108 0.000000
68.762564 16.635502 0.000000
68.867150 16.754778 0.000000
68.923708 16.893936 0.000000
68.964803 17.039496 0.000000
69.079430 17.154614 0.000000
69.165312 17.281633 0.000000
69.245269 17.411105 0.000000
69.279133 17.559658 0.000000
69.397304 17.673310 0.000000
69.461913 17.809135 0.000000
69.560854 17.930747 0.000000
69.599618 18.077272 0.000000
69.717279 18.191135 0.000000
69.763037 18.334764 0.000000
69.866717 18.454415 0.000000
69.920805 18.594595 0.000000
70.038797 18.708321 0.000000
70.073803 18.856401 0.000000
70.164935 18.981247 0.000000
70.239647 19.112889 0.000000
70.357045 19.226862 0.000000
70.392751 19.374652 0.000000
70.461518 19.508755 0.000000
70.556906 19.631839 0.000000
70.666639 19.748984 0.000000
70.715672 19.891257 0.000000
70.762551 20.034422 0.000000
70.873678 20.150990 0.000000
70.966853 20.274990 0.000000
71.038353 20.407963 0.000000
71.073357 20.556043 0.000000
71.191062 20.669888 0.000000
71.263316 20.802549 0.000000
71.356576 20.926513 0.000000
71.392257 21.074314 0.000000
71.510156 21.188078 0.000000
71.562109 21.329142 0.000000
71.666167 21.448637 0.000000
71.713800 21.591490 0.000000
71.831518 21.705329 0.000000
71.869146 21.852324 0.000000
71.966464 21.974608 0.000000
72.033482 22.109437 0.000000
72.151576 22.223120 0.000000
72.185629 22.371595 0.000000
72.262936 22.502163 0.000000
72.351184 22.628203 0.000000
72.464851 22.743719 0.000000
72.507617 22.888587 0.000000
72.562019 23.028637 0.000000
72.665967 23.148177 0.000000
72.711856 23.291752 0.000000
72.767112 23.431449 0.000000
72.798835 23.580888 0.000000
72.915791 23.695043 0.000000
72.963193 23.837992 0.000000
73.067215 23.957501 0.000000
73.119427 24.098458 0.000000
73.237337 24.212218 0.000000
73.272928 24.360056 0.000000
73.365934 24.484125 0.000000
73.438489 24.616661 0.000000
73.556161 24.730520 0.000000
73.591242 24.878569 0.000000
73.662407 25.011680 0.000000
73.755857 25.135566 0.000000
73.866820 25.252202 0.000000
73.913955 25.395261 0.000000
73.962718 25.537646 0.000000
74.072628 25.654717 0.000000
74.167748 25.777912 0.000000
74.236850 25.911877 0.000000
74.272461 26.059707 0.000000
74.389901 26.173661 0.000000
74.464312 26.305429 0.000000
74.555712 26.430163 0.000000
74.590793 26.578212 0.000000
74.708774 26.691943 0.000000
74.762597 26.832233 0.000000
74.866335 26.951860 0.000000
74.912318 27.095396 0.000000
75.029985 27.209256 0.000000
75.068602 27.355841 0.000000
75.167354 27.477532 0.000000
75.232257 27.613236 0.000000
75.350421 27.726891 0.000000
75.384300 27.875437 0.000000
75.463935 28.005042 0.000000
75.550108 28.131940 0.000000
75.664626 28.247105 0.000000
75.705914 28.392584 0.000000
75.762162 28.531871 0.000000
75.866968 28.651055 0.000000
75.968616 28.771547 0.000000
76.029230 28.909026 0.000000
76.068080 29.055515 0.000000
76.183934 29.170126 0.000000
76.266051 29.298704 0.000000
76.350030 29.426510 0.000000
76.383917 29.575054 0.000000
76.502104 29.688699 0.000000
76.563014 29.826055 0.000000
76.664099 29.946780 0.000000
76.704924 30.092451 0.000000
76.822537 30.206334 0.000000
76.865591 30.351083 0.000000
76.968198 30.471178 0.000000
77.025753 30.609923 0.000000
77.143873 30.723596 0.000000
77.178125 30.871988 0.000000
77.265676 30.998316 0.000000
77.344231 31.128368 0.000000
77.460955 31.242619 0.000000
77.498094 31.389816 0.000000
77.562609 31.525680 0.000000
77.661322 31.647387 0.000000
77.768633 31.765535 0.000000
77.821282 31.906311 0.000000
77.865081 32.050751 0.000000
77.978123 32.166526 0.000000
78.067728 32.292004 0.000000
78.143474 32.423219 0.000000
78.177711 32.571617 0.000000
78.295733 32.685331 0.000000
78.364161 32.819575 0.000000
78.460454 32.942284 0.000000
78.497488 33.089524 0.000000
78.615249 33.203346 0.000000
78.664014 33.345730 0.000000
78.768181 33.465179 0.000000
78.818928 33.606743 0.000000
78.936772 33.720530 0.000000
78.972915 33.868140 0.000000
79.067346 33.991619 0.000000
79.138174 34.124870 0.000000
79.256019 34.238657 0.000000
79.290691 34.386875 0.000000
79.363774 34.519192 0.000000
79.455638 34.643735 0.000000
79.567515 34.759992 0.000000
79.613206 34.903649 0.000000
79.663550 35.045380 0.000000
79.772417 35.162883 0.000000
79.869060 35.285447 0.000000
79.936243 35.420207 0.000000
79.972433 35.567797 0.000000
80.089609 35.681861 0.000000
80.165750 35.812912 0.000000
80.255585 35.938294 0.000000
80.290268 36.086508 0.000000
80.408312 36.200213 0.000000
80.463671 36.339867 0.000000
80.567020 36.459655 0.000000
80.611739 36.603714 0.000000
80.729377 36.717587 0.000000
80.768866 36.863811 0.000000
80.868661 36.985070 0.000000
80.931886 37.121468 0.000000
81.050076 37.235112 0.000000
81.083903 37.383680 0.000000
81.165374 37.512525 0.000000
81.249865 37.640119 0.000000
81.364986 37.755034 0.000000
81.405197 37.900959 0.000000
81.463243 38.039501 0.000000
81.566764 38.159218 0.000000
81.669762 38.279151 0.000000
81.728532 38.417394 0.000000
81.768339 38.563486 0.000000
81.883681 38.678309 0.000000
81.967500 38.806182 0.000000
82.049691 38.934729 0.000000
82.083520 39.083296 0.000000
82.201713 39.196939 0.000000
82.264276 39.333611 0.000000
82.364458 39.454710 0.000000
82.404314 39.600783 0.000000
82.521942 39.714659 0.000000
82.566175 39.858919 0.000000
82.669337 39.978785 0.000000
82.725315 40.118183 0.000000
82.843382 40.231878 0.000000
82.877927 40.380149 0.000000
82.967124 40.505795 0.000000
83.043952 40.636562 0.000000
83.161010 40.750675 0.000000
83.197453 40.898160 0.000000
83.263876 41.033234 0.000000
83.361114 41.155552 0.000000
83.469550 41.273234 0.000000
83.520539 41.414698 0.000000
83.565676 41.558583 0.000000
83.677898 41.674698 0.000000
83.769125 41.799504 0.000000
83.842967 41.931507 0.000000
83.877499 42.079783 0.000000
83.995402 42.193546 0.000000
84.065546 42.327080 0.000000
84.160523 42.450334 0.000000
84.196904 42.597845 0.000000
84.314723 42.711642 0.000000
84.364899 42.853442 0.000000
84.469090 42.972882 0.000000
84.518410 43.115036 0.000000
84.636193 43.228849 0.000000
84.672960 43.376200 0.000000
84.768740 43.499121 0.000000
84.837848 43.633084 0.000000
84.955827 43.746815 0.000000
84.990171 43.895169 0.000000
85.065163 44.026696 0.000000
85.155415 44.151906 0.000000
85.268140 44.267812 0.000000
85.312460 44.412036 0.000000
85.364444 44.553088 0.000000
85.472208 44.671048 0.000000
85.570340 44.792996 0.000000
85.635611 44.928547 0.000000
85.672464 45.075863 0.000000
85.789326 45.190056 0.000000
85.867197 45.320391 0.000000
85.955407 45.446446 0.000000
85.989767 45.594794 0.000000
86.107861 45.708478 0.000000
86.164660 45.847537 0.000000
86.267717 45.967444 0.000000
86.260189 46.133528 0.000000
86.363708 46.255698 0.000000
86.265606 46.371598 0.000000
86.275290 46.538267 0.000000
86.174929 46.658807 0.000000
86.038591 46.721643 0.000000
85.885530 46.744517 0.000000
85.755285 46.822511 0.000000
85.590912 46.818163 0.000000
85.428146 46.817696 0.000000
85.265582 46.817713 0.000000
85.103014 46.817721 0.000000
84.940442 46.817721 0.000000
84.777870 46.817721 0.000000
84.615299 46.817721 0.000000
84.452727 46.817721 0.000000
84.290155 46.817721 0.000000
84.127584 46.817721 0.000000
83.965012 46.817721 0.000000
83.802440 46.817721 0.000000
83.639869 46.817721 0.000000
83.477297 46.817721 0.000000
83.314725 46.817721 0.000000
83.152154 46.817721 0.000000
82.989582 46.817721 0.000000
82.827010 46.817721 0.000000
82.664439 46.817721 0.000000
82.501867 46.817721 0.000000
82.339295 46.817721 0.000000
82.176724 46.817721 0.000000
82.014152 46.817721 0.000000
81.851580 46.817721 0.000000
81.689009 46.817721 0.000000
81.526437 46.817721 0.000000
81.363865 46.817721 0.000000
81.201294 46.817721 0.000000
81.038722 46.817721 0.000000
80.876150 46.817721 0.000000
80.713579 46.817721 0.000000
80.551007 46.817721 0.000000
80.388435 46.817721 0.000000
80.225864 46.817721 0.000000
80.063292 46.817721 0.000000
79.900720 46.817721 0.000000
79.738149 46.817721 0.000000
79.575577 46.817721 0.000000
79.413005 46.817721 0.000000
79.250434 46.817721 0.000000
79.087862 46.817721 0.000000
78.925290 46.817721 0.000000
78.762719 46.817722 0.000000
78.600148 46.817724 0.000000
78.437563 46.817693 0.000000
78.274845 46.817338 0.000000
78.112278 46.817350 0.000000
77.968873 46.863595 0.000000
77.829440 46.919426 0.000000
77.666389 46.918269 0.000000
77.503641 46.917842 0.000000
77.341059 46.917818 0.000000
77.178489 46.917822 0.000000
77.015918 46.917823 0.000000
76.853346 46.917823 0.000000
76.690775 46.917823 0.000000
76.528203 46.917823 0.000000
76.365631 46.917823 0.000000
76.203060 46.917823 0.000000
76.040488 46.917823 0.000000
75.877916 46.917823 0.000000
75.715345 46.917823 0.000000
75.552773 46.917823 0.000000
75.390201 46.917823 0.000000
75.227630 46.917823 0.000000
75.065058 46.917823 0.000000
74.902486 46.917823 0.000000
74.739915 46.917823 0.000000
74.577343 46.917823 0.000000
74.414771 46.917823 0.000000
74.252200 46.917823 0.000000
74.089628 46.917823 0.000000
73.927056 46.917823 0.000000
73.764485 46.917823 0.000000
73.601913 46.917823 0.000000
73.439341 46.917823 0.000000
73.276770 46.917823 0.000000
73.114198 46.917823 0.000000
72.951626 46.917823 0.000000
72.789055 46.917823 0.000000
72.626483 46.917823 0.000000
72.463911 46.917823 0.000000
72.301340 46.917823 0.000000
72.138768 46.917823 0.000000
71.976196 46.917823 0.000000
71.813625 46.917823 0.000000
71.651053 46.917823 0.000000
71.488481 46.917823 0.000000
71.325910 46.917823 0.000000
71.163338 46.917823 0.000000
71.000766 46.917823 0.000000
70.838195 46.917823 0.000000
70.675623 46.917823 0.000000
70.513051 46.917823 0.000000
70.350480 46.917823 0.000000
70.187908 46.917823 0.000000
70.025336 46.917823 0.000000
69.862765 46.917823 0.000000
69.700193 46.917823 0.000000
69.537621 46.917823 0.000000
69.375050 46.917823 0.000000
69.212478 46.917823 0.000000
69.049906 46.917823 0.000000
68.887335 46.917823 0.000000
68.724763 46.917823 0.000000
68.562191 46.917823 0.000000
68.399620 46.917823 0.000000
68.237048 46.917823 0.000000
68.074476 46.917823 0.000000
67.911905 46.917823 0.000000
67.749333 46.917823 0.000000
67.586761 46.917823 0.000000
67.424190 46.917823 0.000000
67.261618 46.917823 0.000000
67.099046 46.917823 0.000000
66.936475 46.917823 0.000000
66.773903 46.917823 0.000000
66.611331 46.917823 0.000000
66.448760 46.917823 0.000000
66.286188 46.917823 0.000000
66.123616 46.917823 0.000000
65.961045 46.917823 0.000000
65.798473 46.917823 0.000000
65.635901 46.917823 0.000000
65.473330 46.917823 0.000000
65.310758 46.917823 0.000000
65.148186 46.917823 0.000000
64.985615 46.917823 0.000000
64.823043 46.917823 0.000000
64.660471 46.917823 0.000000
64.497900 46.917823 0.000000
64.335328 46.917823 0.000000
64.172756 46.917823 0.000000
64.010185 46.917823 0.000000
63.847613 46.917823 0.000000
63.685041 46.917823 0.000000
63.522470 46.917823 0.000000
63.359898 46.917823 0.000000
63.197326 46.917823 0.000000
63.034755 46.917823 0.000000
62.872183 46.917823 0.000000
62.709611 46.917823 0.000000
62.547040 46.917823 0.000000
62.384468 46.917823 0.000000
62.221896 46.917823 0.000000
62.059325 46.917823 0.000000
61.896753 46.917823 0.000000
61.734181 46.917823 0.000000
61.571610 46.917823 0.000000
61.409038 46.917823 0.000000
61.246466 46.917823 0.000000
61.083895 46.917823 0.000000
60.921323 46.917823 0.000000
60.758751 46.917823 0.000000
60.596180 46.917823 0.000000
60.433608 46.917823 0.000000
60.271036 46.917823 0.000000
60.108465 46.917823 0.000000
59.945893 46.917823 0.000000
59.783321 46.917823 0.000000
59.620750 46.917823 0.000000
59.458178 46.917823 0.000000
59.295606 46.917823 0.000000
59.133035 46.917823 0.000000
58.970463 46.917823 0.000000
58.807891 46.917823 0.000000
58.645320 46.917823 0.000000
58.482748 46.917823 0.000000
58.320176 46.917823 0.000000
58.157605 46.917823 0.000000
57.995033 46.917823 0.000000
57.832461 46.917823 0.000000
57.669890 46.917823 0.000000
57.507318 46.917823 0.000000
57.344746 46.917823 0.000000
57.182175 46.917823 0.000000
57.019603 46.917823 0.000000
56.857031 46.917823 0.000000
56.694460 46.917823 0.000000
56.531888 46.917823 0.000000
56.369316 46.917823 0.000000
56.206745 46.917823 0.000000
56.044173 46.917823 0.000000
55.881601 46.917823 0.000000
55.719030 46.917823 0.000000
55.556458 46.917823 0.000000
55.393886 46.917823 0.000000
55.231315 46.917823 0.000000
55.068743 46.917823 0.000000
54.906171 46.917823 0.000000
54.743600 46.917823 0.000000
54.581028 46.917823 0.000000
54.418456 46.917823 0.000000
54.255885 46.917823 0.000000
54.093313 46.917823 0.000000
53.930741 46.917823 0.000000
53.768170 46.917823 0.000000
53.605598 46.917823 0.000000
53.443026 46.917823 0.000000
53.280455 46.917823 0.000000
53.117883 46.917823 0.000000
52.955311 46.917823 0.000000
52.792740 46.917823 0.000000
52.630168 46.917823 0.000000
52.467596 46.917823 0.000000
52.305025 46.917823 0.000000
52.142453 46.917823 0.000000
51.979881 46.917823 0.000000
51.817310 46.917823 0.000000
51.654738 46.917823 0.000000
51.492166 46.917823 0.000000
51.329595 46.917823 0.000000
51.167023 46.917823 0.000000
51.004451 46.917823 0.000000
50.841880 46.917823 0.000000
50.679308 46.917823 0.000000
50.516736 46.917823 0.000000
50.354165 46.917823 0.000000
50.191593 46.917823 0.000000
50.029021 46.917823 0.000000
49.866450 46.917823 0.000000
49.703878 46.917823 0.000000
49.541306 46.917823 0.000000
49.378735 46.917823 0.000000
49.216163 46.917823 0.000000
49.053591 46.917823 0.000000
48.891020 46.917823 0.000000
48.728448 46.917823 0.000000
48.565876 46.917823 0.000000
48.403305 46.917823 0.000000
48.240733 46.917823 0.000000
48.078161 46.917823 0.000000
47.915590 46.917823 0.000000
47.753018 46.917823 0.000000
47.590446 46.917823 0.000000
47.427875 46.917823 0.000000
47.265303 46.917823 0.000000
47.102731 46.917823 0.000000
46.940160 46.917823 0.000000
46.777588 46.917823 0.000000
46.615016 46.917823 0.000000
46.452445 46.917823 0.000000
46.289873 46.917823 0.000000
46.127301 46.917823 0.000000
45.964730 46.917823 0.000000
45.802158 46.917823 0.000000
45.639586 46.917823 0.000000
45.477015 46.917823 0.000000
45.314443 46.917823 0.000000
45.151871 46.917823 0.000000
44.989300 46.917823 0.000000
44.826728 46.917823 0.000000
44.664156 46.917823 0.000000
44.501585 46.917823 0.000000
44.339013 46.917823 0.000000
44.176441 46.917823 0.000000
44.013870 46.917823 0.000000
43.851297 46.917821 0.000000
43.688721 46.917810 0.000000
43.526193 46.917917 0.000000
43.364225 46.919373 0.000000
43.202438 46.921266 0.000000
43.082541 47.024233 0.000000
42.917243 47.017654 0.000000
42.754737 47.017812 0.000000
42.592209 47.017918 0.000000
42.429641 47.017926 0.000000
42.267069 47.017925 0.000000
42.104497 47.017925 0.000000
41.941925 47.017925 0.000000
41.779354 47.017925 0.000000
41.616782 47.017925 0.000000
41.454210 47.017925 0.000000
41.291639 47.017925 0.000000
41.129067 47.017925 0.000000
40.966495 47.017925 0.000000
40.803924 47.017925 0.000000
40.641352 47.017925 0.000000
40.478780 47.017925 0.000000
40.316209 47.017925 0.000000
40.153637 47.017925 0.000000
39.991065 47.017925 0.000000
39.828494 47.017925 0.000000
39.665922 47.017925 0.000000
39.503350 47.017925 0.000000
39.340779 47.017925 0.000000
39.178207 47.017925 0.000000
39.015635 47.017925 0.000000
38.853064 47.017925 0.000000
38.690492 47.017925 0.000000
38.527920 47.017925 0.000000
38.365349 47.017925 0.000000
38.202777 47.017925 0.000000
38.040205 47.017925 0.000000
37.877634 47.017925 0.000000
37.715062 47.017925 0.000000
37.552490 47.017925 0.000000
37.389919 47.017925 0.000000
37.227347 47.017925 0.000000
37.064775 47.017925 0.000000
36.902204 47.017925 0.000000
36.739632 47.017925 0.000000
36.577060 47.017925 0.000000
36.414489 47.017925 0.000000
36.251917 47.017925 0.000000
36.089345 47.017925 0.000000
35.926774 47.017925 0.000000
35.764202 47.017925 0.000000
35.601630 47.017925 0.000000
35.439059 47.017925 0.000000
35.276487 47.017925 0.000000
35.113915 47.017925 0.000000
34.951344 47.017925 0.000000
34.788772 47.017925 0.000000
34.626201 47.017924 0.000000
34.463632 47.017917 0.000000
34.301063 47.017912 0.000000
34.138292 47.018391 0.000000
33.974192 47.022079 0.000000
33.842067 46.948622 0.000000
33.691011 46.920888 0.000000
33.552638 46.862735 0.000000
33.449511 46.743157 0.000000
33.460176 46.576006 0.000000
33.358712 46.459433 0.000000
33.463939 46.338535 0.000000
33.454667 46.171729 0.000000
33.567110 46.055716 0.000000
33.659275 45.931297 0.000000
33.731903 45.798792 0.000000
33.766663 45.650609 0.000000
33.884471 45.536807 0.000000
33.955699 45.403722 0.000000
34.049807 45.280109 0.000000
34.085815 45.132443 0.000000
34.203674 45.018663 0.000000
34.254757 44.877238 0.000000
34.358901 44.757779 0.000000
34.407346 44.615262 0.000000
34.525144 44.501456 0.000000
34.562751 44.354453 0.000000
34.679819 44.240344 0.000000
34.756334 44.109448 0.000000
34.841524 43.982142 0.000000
34.956252 43.867065 0.000000
34.997967 43.721763 0.000000
35.115600 43.607888 0.000000
35.157756 43.462768 0.000000
35.259832 43.342453 0.000000
35.318673 43.204240 0.000000
35.436826 43.090580 0.000000
35.470898 42.942114 0.000000
35.557091 42.815224 0.000000
35.637028 42.685744 0.000000
35.753444 42.571366 0.000000
35.791202 42.424425 0.000000
35.854198 42.287932 0.000000
35.954067 42.166703 0.000000
36.060436 42.048165 0.000000
36.114454 41.907956 0.000000
36.157237 41.763096 0.000000
36.270887 41.647572 0.000000
36.359168 41.521546 0.000000
36.436364 41.390932 0.000000
36.469627 41.242130 0.000000
36.558089 41.116179 0.000000
36.639787 40.987429 0.000000
36.672716 40.838489 0.000000
36.757474 40.711005 0.000000
36.843041 40.583856 0.000000
36.875994 40.434926 0.000000
36.956381 40.305632 0.000000
37.041800 40.178422 0.000000
37.156594 40.063372 0.000000
37.197392 39.917689 0.000000
37.254436 39.778732 0.000000
37.358676 39.659313 0.000000
37.460930 39.539072 0.000000
37.520719 39.401252 0.000000
37.559985 39.254935 0.000000
37.675619 39.140233 0.000000
37.758495 39.011970 0.000000
37.841682 38.883836 0.000000
37.875534 38.735278 0.000000
37.993726 38.621635 0.000000
38.055370 38.484582 0.000000
38.156066 38.363696 0.000000
38.196450 38.217842 0.000000
38.314069 38.103962 0.000000
38.357640 37.959427 0.000000
38.460509 37.839441 0.000000
38.517358 37.700403 0.000000
38.635456 37.586721 0.000000
38.669829 37.438379 0.000000
38.758120 37.312357 0.000000
38.835907 37.181987 0.000000
38.952785 37.067800 0.000000
38.989604 36.920471 0.000000
39.054967 36.784958 0.000000
39.153028 36.662981 0.000000
39.260847 36.545043 0.000000
39.312750 36.403958 0.000000
39.357135 36.259761 0.000000
39.469820 36.143838 0.000000
39.560151 36.018661 0.000000
39.635051 35.887096 0.000000
39.669409 35.738748 0.000000
39.787382 35.625014 0.000000
39.856573 35.491085 0.000000
39.952290 35.368138 0.000000
39.989025 35.220774 0.000000
40.106811 35.106962 0.000000
40.156199 34.964836 0.000000
40.260391 34.845397 0.000000
40.310498 34.703568 0.000000
40.428314 34.589770 0.000000
40.464726 34.442271 0.000000
40.559767 34.319045 0.000000
40.629829 34.185477 0.000000
40.747738 34.071716 0.000000
40.782254 33.923433 0.000000
40.856189 33.791469 0.000000
40.947338 33.666630 0.000000
41.059601 33.550533 0.000000
41.104672 33.406619 0.000000
41.155739 33.265188 0.000000
41.264122 33.147484 0.000000
41.361433 33.025197 0.000000
41.427762 32.890084 0.000000
41.464238 32.742612 0.000000
41.581280 32.628493 0.000000
41.658192 32.497761 0.000000
41.747311 32.372082 0.000000
41.781840 32.223805 0.000000
41.899910 32.110111 0.000000
41.955963 31.970744 0.000000
42.059101 31.850868 0.000000
42.103276 31.706584 0.000000
42.220903 31.592707 0.000000
42.260804 31.446653 0.000000
42.361032 31.325573 0.000000
42.423514 31.188868 0.000000
42.541708 31.075225 0.000000
42.575538 30.926658 0.000000
42.657816 30.798148 0.000000
42.741553 30.670241 0.000000
42.856921 30.555429 0.000000
42.896680 30.409316 0.000000
42.955539 30.271111 0.000000
43.058472 30.151151 0.000000
43.162056 30.031460 0.000000
43.220014 29.892882 0.000000
43.260276 29.746977 0.000000
43.375369 29.632051 0.000000
43.459942 29.504490 0.000000
43.541324 29.375609 0.000000
43.575153 29.227041 0.000000
43.693342 29.113397 0.000000
43.756648 28.977032 0.000000
43.856395 28.855753 0.000000
43.895840 28.709511 0.000000
44.013479 28.595639 0.000000
44.058257 28.451604 0.000000
44.161629 28.331826 0.000000
44.216913 28.192140 0.000000
44.334953 28.078434 0.000000
44.369654 27.930228 0.000000
44.459566 27.804877 0.000000
44.535623 27.673792 0.000000
44.652813 27.559733 0.000000
44.688974 27.412131 0.000000
44.756249 27.277410 0.000000
44.852819 27.154816 0.000000
44.961738 27.037334 0.000000
45.012004 26.895571 0.000000
45.057763 26.751942 0.000000
45.169597 26.635667 0.000000
45.261539 26.511157 0.000000
45.334529 26.378801 0.000000
45.369219 26.230590 0.000000
45.487056 26.116800 0.000000
45.557968 25.983584 0.000000
45.652332 25.860077 0.000000
45.688446 25.712456 0.000000
45.806294 25.598670 0.000000
45.857111 25.457135 0.000000
45.961273 25.337684 0.000000
46.009972 25.195272 0.000000
46.127729 25.081449 0.000000
46.164797 24.934223 0.000000
46.261152 24.811539 0.000000
46.329497 24.677261 0.000000
46.447524 24.563549 0.000000
46.481748 24.415145 0.000000
46.557586 24.283969 0.000000
46.647112 24.158458 0.000000
46.760192 24.042699 0.000000
46.803928 23.898233 0.000000
46.856659 23.757491 0.000000
46.963914 23.639320 0.000000
47.062698 23.517642 0.000000
47.127121 23.381740 0.000000
47.164296 23.234558 0.000000
47.281002 23.120299 0.000000
47.359641 22.990282 0.000000
47.447110 22.863921 0.000000
47.481350 22.715523 0.000000
47.599472 22.601851 0.000000
47.657105 22.463138 0.000000
47.759682 22.343030 0.000000
47.802681 22.198259 0.000000
47.920293 22.084376 0.000000
47.961167 21.938725 0.000000
48.062292 21.818017 0.000000
48.123123 21.680627 0.000000
48.241310 21.566982 0.000000
48.275201 21.418440 0.000000
48.359266 21.290669 0.000000
48.441300 21.162058 0.000000
48.557177 21.047456 0.000000
48.595983 20.900949 0.000000
48.656687 20.763508 0.000000
48.758268 20.642988 0.000000
48.863136 20.523829 0.000000
48.919297 20.384506 0.000000
48.960639 20.239049 0.000000
49.075126 20.123872 0.000000
49.161381 19.997008 0.000000
49.240926 19.867366 0.000000
49.274809 19.718821 0.000000
49.392972 19.605165 0.000000
49.457957 19.469496 0.000000
49.556655 19.347783 0.000000
49.595232 19.201181 0.000000
49.712901 19.087321 0.000000
49.758946 18.943811 0.000000
49.862700 18.824191 0.000000
49.916450 18.683870 0.000000
50.034427 18.570138 0.000000
50.069530 18.422098 0.000000
50.161004 18.297394 0.000000
50.235330 18.165592 0.000000
50.352782 18.051642 0.000000
50.388367 17.903802 0.000000
50.457563 17.769875 0.000000
50.552608 17.646650 0.000000
50.662567 17.529599 0.000000
50.711255 17.387182 0.000000
50.758462 17.244153 0.000000
50.869379 17.127498 0.000000
50.962905 17.003644 0.000000
51.033976 16.870494 0.000000
51.069079 16.722454 0.000000
51.186742 16.608592 0.000000
51.259381 16.476091 0.000000
51.352316 16.351992 0.000000
51.387882 16.204144 0.000000
51.505796 16.090385 0.000000
51.558079 15.949457 0.000000
51.662093 15.829945 0.000000
51.709426 15.686968 0.000000
51.827134 15.573124 0.000000
51.864930 15.426199 0.000000
51.962515 15.304025 0.000000
52.029153 15.169040 0.000000
52.147263 15.055363 0.000000
52.181276 14.906872 0.000000
52.259001 14.776476 0.000000
52.346881 14.650284 0.000000
52.460709 14.534834 0.000000
52.503191 14.389849 0.000000
52.557636 14.249817 0.000000
52.663708 14.131156 0.000000
52.763927 14.010072 0.000000
52.826458 13.873387 0.000000
52.864417 13.726529 0.000000
52.980732 13.612109 0.000000
53.061093 13.482805 0.000000
53.146862 13.355739 0.000000
53.180889 13.207254 0.000000
53.299050 13.093598 0.000000
53.358290 12.955550 0.000000
53.460187 12.835161 0.000000
53.502077 12.689931 0.000000
53.619685 12.576046 0.000000
53.661601 12.430826 0.000000
53.763516 12.310445 0.000000
53.822717 12.172381 0.000000
53.940878 12.058724 0.000000
53.974908 11.910241 0.000000
54.060718 11.783192 0.000000
54.141038 11.653871 0.000000
54.257363 11.539455 0.000000
54.295303 11.392589 0.000000
54.357878 11.255922 0.000000
54.458063 11.134824 0.000000
54.564165 11.016176 0.000000
54.618568 10.876126 0.000000
54.661080 10.731153 0.000000
54.774890 10.615696 0.000000
54.862810 10.489521 0.000000
54.940490 10.359106 0.000000
54.974507 10.210617 0.000000
55.092615 10.096939 0.000000
55.159294 9.961971 0.000000
55.256850 9.839785 0.000000
55.294629 9.692853 0.000000
55.412338 9.579009 0.000000
55.459702 9.436046 0.000000
55.563722 9.316535 0.000000
55.615969 9.175593 0.000000
55.733881 9.061833 0.000000
55.769459 8.913990 0.000000
55.862430 8.789906 0.000000
55.935027 8.657388 0.000000
56.052695 8.543527 0.000000
56.087787 8.395483 0.000000
56.158904 8.262352 0.000000
56.252393 8.138482 0.000000
56.363332 8.021837 0.000000
56.410504 7.878793 0.000000
56.459229 7.736392 0.000000
56.569164 7.619331 0.000000
56.664246 7.496120 0.000000
56.733395 7.362175 0.000000
56.768993 7.214340 0.000000
56.886439 7.100388 0.000000
56.960807 6.968603 0.000000
57.052245 6.843884 0.000000
57.087337 6.695839 0.000000
57.205316 6.582108 0.000000
57.259101 6.441802 0.000000
57.362848 6.322179 0.000000
57.408863 6.178656 0.000000
57.526530 6.064796 0.000000
57.565127 5.918202 0.000000
57.663852 5.796500 0.000000
57.728796 5.660814 0.000000
57.846960 5.547159 0.000000
57.880839 5.398612 0.000000
57.960396 5.268981 0.000000
58.046345 5.142035 0.000000
58.160484 5.026776 0.000000
58.300781 4.973036 0.000000
58.449964 4.940733 0.000000
58.584052 4.872008 0.000000
58.749800 4.879673 0.000000
58.881111 4.804247 0.000000
58.995166 4.687184 0.000000
59.155580 4.681977 0.000000
59.283305 4.597899 0.000000
59.436951 4.576361 0.000000
59.598822 4.574683 0.000000
59.761513 4.575169 0.000000
59.924297 4.576156 0.000000
60.063467 4.521357 0.000000
60.061173 4.358333 0.000000
60.063103 4.196347 0.000000
60.059169 4.032122 0.000000
60.166306 3.913899 0.000000
60.155010 3.746734 0.000000
60.259172 3.627454 0.000000
60.398285 3.571095 0.000000
60.548241 3.541911 0.000000
60.662321 3.523713 0.000000
