234.397036 1.121271 0.000000
234.542986 1.172024 0.000000
234.692124 1.215306 0.000000
234.802922 1.337030 0.000000
234.792067 1.508354 0.000000
234.901456 1.631011 0.000000
234.841882 1.775916 0.000000
234.797625 1.924676 0.000000
234.748282 2.071233 0.000000
234.626949 2.187984 0.000000
234.588068 2.338868 0.000000
234.496844 2.468084 0.000000
234.416245 2.601698 0.000000
234.298288 2.719847 0.000000
234.253827 2.868421 0.000000
234.199547 3.012931 0.000000
234.087724 3.133619 0.000000
233.994991 3.262210 0.000000
233.916077 3.396521 0.000000
233.878974 3.548142 0.000000
233.757468 3.664822 0.000000
233.699477 3.807795 0.000000
233.595105 3.931568 0.000000
233.543402 4.077144 0.000000
233.423022 4.194290 0.000000
233.401842 4.352502 0.000000
233.327503 4.488708 0.000000
233.288878 4.639698 0.000000
233.195865 4.768173 0.000000
233.112978 4.900840 0.000000
233.075727 5.052399 0.000000
232.954011 5.168992 0.000000
232.893975 5.311119 0.000000
232.861558 5.464679 0.000000
232.799891 5.606131 0.000000
232.693801 5.729192 0.000000
232.593718 5.854740 0.000000
232.523522 5.992661 0.000000
232.485529 6.143913 0.000000
232.364396 6.260747 0.000000
232.299011 6.400659 0.000000
232.197051 6.525431 0.000000
232.151053 6.673369 0.000000
232.029681 6.790104 0.000000
231.989766 6.940560 0.000000
231.895759 7.068624 0.000000
231.818489 7.203616 0.000000
231.700098 7.321585 0.000000
231.704377 7.490337 0.000000
231.602996 7.615348 0.000000
231.563655 7.766042 0.000000
231.499253 7.906361 0.000000
231.395779 8.030505 0.000000
231.347565 8.177526 0.000000
231.226158 8.294247 0.000000
231.187326 8.445151 0.000000
231.096179 8.574399 0.000000
231.015496 8.707978 0.000000
230.897569 8.826139 0.000000
230.853054 8.974692 0.000000
230.798854 9.119234 0.000000
230.686977 9.239900 0.000000
230.594325 9.368525 0.000000
230.515320 9.502799 0.000000
230.478218 9.654420 0.000000
230.356711 9.771099 0.000000
230.298795 9.914103 0.000000
230.194405 10.037872 0.000000
230.142605 10.183430 0.000000
230.018409 10.301676 0.000000
230.093221 10.419757 0.000000
229.992849 10.539347 0.000000
230.002918 10.710730 0.000000
229.894605 10.832828 0.000000
229.793016 10.957753 0.000000
229.724738 11.096467 0.000000
229.686329 11.247547 0.000000
229.565369 11.364453 0.000000
229.498299 11.503668 0.000000
229.397192 11.628792 0.000000
229.352272 11.777176 0.000000
229.230912 11.893917 0.000000
229.190322 12.044094 0.000000
229.094896 12.171570 0.000000
229.019297 12.307254 0.000000
228.899846 12.424784 0.000000
228.858189 12.574519 0.000000
228.799035 12.717011 0.000000
228.690597 12.839101 0.000000
228.593227 12.965772 0.000000
228.519706 13.102316 0.000000
228.482227 13.253781 0.000000
228.360566 13.370396 0.000000
228.291126 13.508630 0.000000
228.268780 13.666359 0.000000
228.198083 13.804073 0.000000
228.097682 13.929490 0.000000
228.054398 14.078551 0.000000
227.998550 14.222412 0.000000
227.887810 14.343548 0.000000
227.793502 14.471487 0.000000
227.716380 14.606541 0.000000
227.679228 14.758141 0.000000
227.557753 14.874834 0.000000
227.498278 15.017192 0.000000
227.394201 15.141087 0.000000
227.343769 15.287190 0.000000
227.222318 15.403892 0.000000
227.184253 15.555114 0.000000
227.095938 15.685534 0.000000
227.012208 15.817852 0.000000
226.895471 15.936506 0.000000
226.848893 16.084205 0.000000
226.797439 16.229894 0.000000
226.684195 16.349542 0.000000
226.617420 16.467571 0.000000
226.647297 16.585713 0.000000
226.594314 16.730866 0.000000
226.553164 16.880845 0.000000
226.432171 16.997741 0.000000
226.390816 17.147601 0.000000
226.294057 17.274526 0.000000
226.220209 17.410935 0.000000
226.100351 17.528296 0.000000
226.059516 17.678372 0.000000
225.998564 17.820119 0.000000
225.891422 17.942745 0.000000
225.792478 18.068765 0.000000
225.720872 18.206102 0.000000
225.683134 18.357460 0.000000
225.561899 18.474252 0.000000
225.497742 18.614672 0.000000
225.395226 18.739213 0.000000
225.348391 18.886805 0.000000
225.227007 19.003535 0.000000
225.187544 19.154179 0.000000
225.094626 19.282693 0.000000
225.016060 19.417149 0.000000
224.897932 19.535227 0.000000
224.902987 19.704300 0.000000
224.800806 19.828979 0.000000
224.760933 19.979453 0.000000
224.697911 20.120343 0.000000
224.594061 20.244333 0.000000
224.544927 20.390972 0.000000
224.423502 20.507686 0.000000
224.385022 20.658736 0.000000
224.295056 20.788472 0.000000
224.213078 20.921515 0.000000
224.095629 21.039875 0.000000
224.050271 21.188078 0.000000
223.997269 21.333116 0.000000
223.884430 21.453384 0.000000
223.786629 21.579877 0.000000
223.791275 21.748780 0.000000
223.692909 21.875040 0.000000
223.622427 22.012842 0.000000
223.501965 22.129954 0.000000
223.462428 22.280567 0.000000
223.398086 22.420911 0.000000
223.293434 22.544568 0.000000
223.187357 22.667634 0.000000
223.196905 22.838567 0.000000
223.091839 22.962053 0.000000
223.030363 23.103583 0.000000
222.990027 23.253865 0.000000
222.893381 23.380836 0.000000
222.819458 23.517214 0.000000
222.699618 23.634584 0.000000
222.658746 23.784644 0.000000
222.597882 23.926427 0.000000
222.490676 24.049027 0.000000
222.391807 24.175078 0.000000
222.320107 24.312376 0.000000
222.282367 24.463733 0.000000
222.160797 24.580386 0.000000
222.089530 24.717863 0.000000
222.069118 24.876393 0.000000
221.996656 25.013376 0.000000
221.897255 25.139207 0.000000
221.854976 25.288684 0.000000
221.797507 25.431873 0.000000
221.687797 25.553437 0.000000
221.586348 25.678419 0.000000
221.593487 25.848355 0.000000
221.491961 25.973306 0.000000
221.426062 26.113005 0.000000
221.305000 26.229869 0.000000
221.266852 26.381057 0.000000
221.197412 26.519290 0.000000
221.096726 26.644589 0.000000
220.991111 26.767847 0.000000
220.928082 26.908735 0.000000
220.888078 27.059154 0.000000
220.767824 27.176352 0.000000
220.695951 27.313579 0.000000
220.597787 27.439922 0.000000
220.555507 27.589399 0.000000
220.434617 27.706333 0.000000
220.395931 27.857298 0.000000
220.340435 28.001305 0.000000
220.294098 28.149102 0.000000
220.191482 28.273602 0.000000
220.124470 28.412841 0.000000
220.085595 28.563727 0.000000
219.964822 28.680711 0.000000
219.896214 28.819289 0.000000
219.795972 28.944771 0.000000
219.751968 29.093535 0.000000
219.630616 29.210278 0.000000
219.589356 29.360178 0.000000
219.492704 29.487166 0.000000
219.418492 29.623618 0.000000
219.296546 29.742209 0.000000
219.390806 29.860485 0.000000
219.286548 29.986524 0.000000
219.291087 30.155764 0.000000
219.172904 30.273825 0.000000
219.094570 30.408378 0.000000
219.001453 30.536810 0.000000
218.961911 30.687421 0.000000
218.840529 30.804152 0.000000
218.793848 30.951807 0.000000
218.691428 31.076388 0.000000
218.627050 31.216717 0.000000
218.505832 31.333516 0.000000
218.468052 31.484856 0.000000
218.396710 31.622303 0.000000
218.297588 31.748249 0.000000
218.187615 31.869703 0.000000
218.198223 32.041074 0.000000
218.091336 32.163806 0.000000
218.036360 32.308027 0.000000
217.992360 32.456793 0.000000
217.891537 32.582035 0.000000
217.823986 32.721050 0.000000
217.703083 32.837979 0.000000
217.664539 32.989003 0.000000
217.596799 33.127941 0.000000
217.494773 33.252685 0.000000
217.390405 33.376459 0.000000
217.325716 33.516657 0.000000
217.286319 33.667300 0.000000
217.166653 33.783901 0.000000
217.139491 33.901917 0.000000
217.124170 34.019207 0.000000
217.097159 34.174208 0.000000
217.032902 34.314515 0.000000
216.911142 34.431086 0.000000
216.874013 34.582696 0.000000
216.795548 34.717193 0.000000
216.702415 34.845619 0.000000
216.590859 34.966417 0.000000
216.536184 35.110763 0.000000
216.491987 35.259447 0.000000
216.373883 35.377535 0.000000
216.293706 35.511324 0.000000
216.202106 35.640384 0.000000
216.163100 35.791217 0.000000
216.041788 35.907977 0.000000
215.992964 36.054745 0.000000
215.948398 36.203275 0.000000
215.895372 36.348304 0.000000
215.790648 36.471931 0.000000
215.732413 36.614803 0.000000
215.690099 36.764266 0.000000
215.570655 36.881800 0.000000
215.485947 37.013713 0.000000
215.479215 37.177906 0.000000
215.393743 37.309503 0.000000
215.308569 37.441223 0.000000
215.192551 37.560175 0.000000
215.144786 37.707382 0.000000
215.094712 37.853632 0.000000
214.979926 37.973094 0.000000
214.884887 38.100730 0.000000
214.887388 38.268746 0.000000
214.791249 38.395927 0.000000
214.713889 38.530882 0.000000
214.677672 38.682869 0.000000
214.594332 38.815348 0.000000
214.505830 38.945691 0.000000
214.390610 39.064973 0.000000
214.400161 39.235907 0.000000
214.293702 39.358816 0.000000
214.301136 39.528873 0.000000
214.199194 39.653652 0.000000
214.090077 39.775460 0.000000
214.033320 39.918944 0.000000
213.913076 40.036146 0.000000
213.899120 40.197349 0.000000
213.816969 40.330321 0.000000
213.779167 40.481652 0.000000
213.657784 40.598383 0.000000
213.595459 40.739561 0.000000
213.492224 40.863805 0.000000
213.444055 41.010844 0.000000
213.323563 41.127944 0.000000
213.296829 41.283856 0.000000
213.228462 41.422534 0.000000
213.187929 41.572735 0.000000
213.091094 41.699628 0.000000
213.013279 41.834390 0.000000
212.976168 41.985957 0.000000
212.855374 42.102254 0.000000
212.853742 42.220288 0.000000
212.812375 42.337183 0.000000
212.798735 42.497767 0.000000
212.721778 42.632794 0.000000
212.600763 42.749673 0.000000
212.561676 42.900472 0.000000
212.495874 43.040211 0.000000
212.392343 43.164332 0.000000
212.285393 43.287038 0.000000
212.295270 43.458107 0.000000
212.189705 43.581385 0.000000
212.129643 43.723501 0.000000
212.088628 43.873503 0.000000
211.990978 44.000077 0.000000
211.918223 44.137125 0.000000
211.795749 44.255724 0.000000
211.889997 44.373983 0.000000
211.785101 44.499551 0.000000
211.790462 44.669133 0.000000
211.672598 44.787325 0.000000
211.592813 44.921276 0.000000
211.500956 45.050226 0.000000
211.461944 45.200997 0.000000
211.340297 45.317864 0.000000
211.370829 45.435915 0.000000
211.300731 45.552916 0.000000
211.300351 45.719368 0.000000
211.209250 45.848544 0.000000
211.092288 45.967102 0.000000
211.045663 46.114780 0.000000
210.994281 46.260489 0.000000
210.880352 46.380306 0.000000
210.783926 46.507386 0.000000
210.787206 46.675764 0.000000
210.668537 46.796079 0.000000
210.507902 46.811637 0.000000
210.374238 46.890573 0.000000
210.222831 46.903753 0.000000
210.095569 46.809770 0.000000
209.929106 46.808724 0.000000
209.811873 46.688068 0.000000
209.693175 46.570074 0.000000
209.648412 46.421659 0.000000
209.594094 46.278016 0.000000
209.455066 46.220107 0.000000
209.332923 46.110093 0.000000
209.289595 45.960867 0.000000
209.190064 45.835083 0.000000
209.120283 45.696988 0.000000
208.999679 45.579935 0.000000
208.960444 45.429198 0.000000
208.895159 45.289244 0.000000
208.791241 45.165283 0.000000
208.688748 45.040733 0.000000
208.621609 44.901546 0.000000
208.582909 44.750587 0.000000
208.462072 44.633630 0.000000
208.393973 44.494841 0.000000
208.293436 44.369481 0.000000
208.249135 44.220840 0.000000
208.127781 44.104098 0.000000
208.086749 43.954104 0.000000
207.990508 43.826965 0.000000
207.915969 43.690842 0.000000
207.796265 43.573417 0.000000
207.755115 43.423472 0.000000
207.694878 43.281428 0.000000
207.587218 43.159017 0.000000
207.488892 43.032741 0.000000
207.416529 42.895717 0.000000
207.378911 42.744310 0.000000
207.257628 42.627538 0.000000
207.194124 42.486847 0.000000
207.091336 42.362418 0.000000
207.044038 42.215018 0.000000
206.922647 42.098291 0.000000
206.883411 41.947554 0.000000
206.791083 41.818795 0.000000
206.711736 41.684663 0.000000
206.593355 41.566689 0.000000
206.549661 41.417797 0.000000
206.494200 41.273777 0.000000
206.383180 41.152756 0.000000
206.289267 41.024654 0.000000
206.211691 40.889788 0.000000
206.174558 40.738180 0.000000
206.053074 40.621491 0.000000
205.993975 40.478977 0.000000
205.889814 40.355117 0.000000
205.839063 40.209146 0.000000
205.717605 40.092446 0.000000
205.679630 39.941187 0.000000
205.591718 39.810600 0.000000
205.507570 39.678456 0.000000
205.391015 39.559726 0.000000
205.344132 39.412155 0.000000
205.293053 39.266320 0.000000
205.179114 39.146508 0.000000
205.089800 39.016501 0.000000
205.007143 38.883739 0.000000
204.969916 38.732170 0.000000
204.848397 38.615496 0.000000
204.793457 38.471260 0.000000
204.688810 38.347601 0.000000
204.634237 38.203212 0.000000
204.512720 38.086537 0.000000
204.475455 37.934984 0.000000
204.392344 37.802410 0.000000
204.303459 37.672226 0.000000
204.189276 37.552514 0.000000
204.138575 37.406523 0.000000
204.091367 37.259086 0.000000
203.975007 37.140276 0.000000
203.890421 37.008312 0.000000
203.802935 36.877549 0.000000
203.765048 36.726253 0.000000
203.643583 36.609557 0.000000
203.592497 36.463725 0.000000
203.488254 36.339899 0.000000
203.429547 36.197222 0.000000
203.308054 36.080537 0.000000
203.270936 35.928922 0.000000
203.192888 35.794252 0.000000
203.099389 35.665979 0.000000
202.988086 35.545068 0.000000
202.933072 35.400809 0.000000
202.889338 35.251504 0.000000
202.740065 35.205664 0.000000
202.618629 35.089002 0.000000
202.580299 34.937621 0.000000
202.490789 34.807679 0.000000
202.408322 34.674836 0.000000
202.291064 34.556398 0.000000
202.245376 34.408332 0.000000
202.192810 34.263113 0.000000
202.079842 34.142898 0.000000
201.988895 34.013568 0.000000
201.908001 33.880076 0.000000
201.870872 33.728466 0.000000
201.749350 33.611793 0.000000
201.692982 33.468148 0.000000
201.588404 33.344460 0.000000
201.535212 33.199501 0.000000
201.413710 33.082819 0.000000
201.376259 32.931343 0.000000
201.291426 32.799481 0.000000
201.204193 32.668613 0.000000
201.089117 32.549272 0.000000
201.039823 32.402699 0.000000
200.991328 32.255794 0.000000
200.875032 32.136958 0.000000
200.757877 32.018477 0.000000
200.693154 31.878290 0.000000
200.591251 31.753495 0.000000
200.487032 31.629659 0.000000
200.422145 31.489541 0.000000
200.382783 31.338855 0.000000
200.262236 31.221779 0.000000
200.192089 31.083838 0.000000
200.092787 30.957966 0.000000
200.049638 30.808849 0.000000
199.928290 30.692103 0.000000
199.886312 30.542502 0.000000
199.788551 30.415992 0.000000
199.716098 30.279006 0.000000
199.595953 30.161762 0.000000
199.555715 30.011440 0.000000
199.493302 29.870297 0.000000
199.387231 29.747228 0.000000
199.287053 29.621719 0.000000
199.216976 29.483749 0.000000
199.178959 29.332507 0.000000
199.057837 29.215668 0.000000
198.992347 29.075799 0.000000
198.890437 28.951007 0.000000
198.844508 28.803041 0.000000
198.723137 28.686305 0.000000
198.683182 28.535865 0.000000
198.589077 28.407842 0.000000
198.511831 28.272840 0.000000
198.392815 28.155129 0.000000
198.350310 28.005745 0.000000
198.292806 27.862571 0.000000
198.183201 27.740964 0.000000
198.087336 27.613670 0.000000
198.012026 27.477866 0.000000
197.974754 27.326316 0.000000
197.853332 27.209601 0.000000
197.792338 27.067871 0.000000
197.688667 26.943808 0.000000
197.639473 26.797193 0.000000
197.518047 26.680480 0.000000
197.479587 26.529421 0.000000
197.389695 26.399655 0.000000
197.307637 26.266644 0.000000
197.190219 26.148272 0.000000
197.144808 26.000091 0.000000
197.091872 25.855025 0.000000
196.979149 25.734709 0.000000
196.887822 25.605512 0.000000
196.807482 25.471553 0.000000
196.772147 25.315791 0.000000
196.616518 25.279362 0.000000
196.496455 25.158376 0.000000
196.456877 25.007662 0.000000
196.392682 24.867247 0.000000
196.287940 24.743626 0.000000
196.186308 24.618719 0.000000
196.118065 24.479990 0.000000
196.079645 24.328915 0.000000
195.958689 24.212007 0.000000
195.891580 24.072809 0.000000
195.790495 23.947675 0.000000
195.745598 23.799281 0.000000
195.624239 23.682541 0.000000
195.583632 23.532371 0.000000
195.488174 23.404908 0.000000
195.412617 23.269207 0.000000
195.293155 23.151681 0.000000
195.251518 23.001937 0.000000
195.192322 22.859463 0.000000
195.083915 22.737361 0.000000
194.986508 22.610705 0.000000
194.913033 22.474141 0.000000
194.875567 22.322671 0.000000
194.754223 22.205924 0.000000
194.691673 22.064838 0.000000
194.588519 21.940561 0.000000
194.540522 21.793451 0.000000
194.419119 21.676728 0.000000
194.380196 21.525862 0.000000
194.288768 21.396730 0.000000
194.208399 21.263021 0.000000
194.090361 21.144905 0.000000
194.046044 20.996271 0.000000
193.991550 20.851850 0.000000
193.879872 20.731102 0.000000
193.786922 20.602601 0.000000
193.708252 20.468188 0.000000
193.671147 20.316569 0.000000
193.549644 20.199888 0.000000
193.491451 20.056998 0.000000
193.387112 19.933212 0.000000
193.335579 19.787565 0.000000
193.214105 19.670872 0.000000
193.176327 19.519531 0.000000
193.089407 19.388534 0.000000
193.004240 19.256811 0.000000
192.888163 19.137883 0.000000
192.840322 18.990708 0.000000
192.718861 18.874010 0.000000
192.679251 18.723428 0.000000
192.558273 18.606529 0.000000
192.491362 18.467248 0.000000
192.391261 18.341708 0.000000
192.285378 18.218560 0.000000
192.222714 18.077522 0.000000
192.182572 17.927159 0.000000
192.062383 17.809935 0.000000
191.990166 17.672850 0.000000
191.892240 17.546409 0.000000
191.850148 17.396854 0.000000
191.728800 17.280109 0.000000
191.685776 17.130940 0.000000
191.586624 17.005006 0.000000
191.516242 16.867163 0.000000
191.395730 16.750076 0.000000
191.356251 16.599505 0.000000
191.290882 16.460999 0.000000
191.163776 16.390061 0.000000
191.040014 16.287973 0.000000
190.989748 16.141841 0.000000
190.885718 16.017939 0.000000
190.826039 15.875663 0.000000
190.704571 15.758967 0.000000
190.667406 15.607372 0.000000
190.590529 15.472217 0.000000
190.496008 15.344366 0.000000
190.385417 15.223168 0.000000
190.329332 15.079406 0.000000
190.286018 14.930357 0.000000
190.167432 14.812468 0.000000
190.088734 14.678067 0.000000
189.995846 14.549540 0.000000
189.956399 14.398890 0.000000
189.835014 14.282160 0.000000
189.788149 14.134581 0.000000
189.685614 14.010048 0.000000
189.621501 13.869609 0.000000
189.500262 13.752819 0.000000
189.462533 13.601458 0.000000
189.390876 13.464142 0.000000
189.291973 13.338105 0.000000
189.184796 13.215493 0.000000
189.123892 13.073726 0.000000
189.083037 12.923659 0.000000
188.963188 12.806293 0.000000
188.889295 12.669903 0.000000
188.792571 12.542964 0.000000
188.751257 12.393087 0.000000
188.629906 12.276343 0.000000
188.585971 12.127551 0.000000
188.485800 12.002039 0.000000
188.417071 11.863511 0.000000
188.296316 11.746520 0.000000
188.257424 11.595641 0.000000
188.190984 11.456165 0.000000
188.087951 11.331838 0.000000
187.984563 11.207658 0.000000
187.918584 11.067992 0.000000
187.879559 10.917167 0.000000
187.758862 10.800152 0.000000
187.689715 10.661797 0.000000
187.589794 10.536182 0.000000
187.546097 10.387291 0.000000
187.424746 10.270547 0.000000
187.383241 10.120749 0.000000
187.286204 9.993940 0.000000
187.212737 9.857374 0.000000
187.092795 9.740050 0.000000
187.052097 9.589978 0.000000
186.990074 9.449966 0.000000
186.859238 9.383039 0.000000
186.736077 9.278452 0.000000
186.688071 9.131302 0.000000
186.584910 9.007033 0.000000
186.522378 8.865938 0.000000
186.401034 8.749192 0.000000
186.363571 8.597720 0.000000
186.290109 8.461151 0.000000
186.192851 8.334433 0.000000
186.075730 8.215938 0.000000
185.986214 8.086016 0.000000
185.908391 7.951253 0.000000
185.789713 7.833402 0.000000
185.746607 7.684267 0.000000
185.690171 7.540650 0.000000
185.579822 7.419351 0.000000
185.484965 7.291640 0.000000
185.408477 7.156324 0.000000
185.371291 7.004738 0.000000
185.249832 6.888038 0.000000
185.189828 6.745899 0.000000
185.085881 6.621950 0.000000
185.035888 6.475666 0.000000
184.914446 6.358959 0.000000
184.876250 6.207791 0.000000
184.787376 6.077603 0.000000
184.704232 5.945042 0.000000
184.587249 5.826490 0.000000
184.541089 5.678619 0.000000
184.489129 5.533149 0.000000
184.375763 5.413100 0.000000
184.285471 5.283498 0.000000
184.203864 5.150301 0.000000
184.166704 4.998705 0.000000
184.045182 4.882032 0.000000
183.989392 4.738147 0.000000
183.884774 4.614476 0.000000
183.831031 4.469744 0.000000
183.709522 4.353066 0.000000
183.672154 4.201555 0.000000
183.588010 4.069409 0.000000
183.500110 3.938817 0.000000
183.385386 3.819329 0.000000
183.335534 3.672987 0.000000
183.287562 3.525866 0.000000
183.171666 3.406864 0.000000
183.086079 3.275315 0.000000
182.999581 3.144143 0.000000
182.961878 2.992771 0.000000
182.840398 2.876080 0.000000
182.788531 2.730572 0.000000
182.684129 2.606811 0.000000
182.626314 2.463765 0.000000
182.504804 2.347087 0.000000
182.467689 2.195472 0.000000
182.388233 2.061383 0.000000
182.293600 1.933566 0.000000
182.293902 1.766098 0.000000
182.193628 1.637758 0.000000
182.287832 1.518912 0.000000
182.278992 1.348224 0.000000
182.383738 1.224819 0.000000
182.527760 1.169586 0.000000
182.678951 1.131517 0.000000
182.820112 1.069223 0.000000
182.987738 1.070780 0.000000
183.154889 1.071194 0.000000
183.321881 1.071222 0.000000
183.488860 1.071220 0.000000
183.655840 1.071220 0.000000
183.822820 1.071220 0.000000
183.989800 1.071220 0.000000
184.156780 1.071220 0.000000
184.323760 1.071220 0.000000
184.490740 1.071220 0.000000
184.657720 1.071220 0.000000
184.824700 1.071220 0.000000
184.991680 1.071220 0.000000
185.158660 1.071220 0.000000
185.325641 1.071220 0.000000
185.492621 1.071220 0.000000
185.659601 1.071220 0.000000
185.826581 1.071220 0.000000
185.993561 1.071220 0.000000
186.160541 1.071220 0.000000
186.327521 1.071220 0.000000
186.494501 1.071220 0.000000
186.661481 1.071220 0.000000
186.828461 1.071220 0.000000
186.995441 1.071220 0.000000
187.162421 1.071220 0.000000
187.329401 1.071220 0.000000
187.496381 1.071220 0.000000
187.663361 1.071220 0.000000
187.830341 1.071220 0.000000
187.997322 1.071220 0.000000
188.164302 1.071220 0.000000
188.331282 1.071220 0.000000
188.498262 1.071220 0.000000
188.665242 1.071220 0.000000
188.832222 1.071220 0.000000
188.999202 1.071220 0.000000
189.166182 1.071220 0.000000
189.333162 1.071220 0.000000
189.500142 1.071220 0.000000
189.667122 1.071220 0.000000
189.834102 1.071220 0.000000
190.001082 1.071220 0.000000
190.168062 1.071220 0.000000
190.335042 1.071220 0.000000
190.502022 1.071220 0.000000
190.669003 1.071220 0.000000
190.835983 1.071220 0.000000
191.002963 1.071220 0.000000
191.169943 1.071220 0.000000
191.336923 1.071220 0.000000
191.503903 1.071220 0.000000
191.670883 1.071220 0.000000
191.837863 1.071220 0.000000
192.004843 1.071220 0.000000
192.171823 1.071220 0.000000
192.338803 1.071220 0.000000
192.505783 1.071220 0.000000
192.672763 1.071220 0.000000
192.839743 1.071220 0.000000
193.006723 1.071220 0.000000
193.173704 1.071220 0.000000
193.340684 1.071220 0.000000
193.507664 1.071220 0.000000
193.674644 1.071220 0.000000
193.841624 1.071220 0.000000
194.008604 1.071220 0.000000
194.175584 1.071220 0.000000
194.342564 1.071220 0.000000
194.509544 1.071220 0.000000
194.676524 1.071220 0.000000
194.843504 1.071220 0.000000
195.010484 1.071220 0.000000
195.177464 1.071220 0.000000
195.344444 1.071220 0.000000
195.511424 1.071220 0.000000
195.678404 1.071220 0.000000
195.845385 1.071220 0.000000
196.012365 1.071220 0.000000
196.179345 1.071220 0.000000
196.346325 1.071220 0.000000
196.513305 1.071220 0.000000
196.680285 1.071220 0.000000
196.847265 1.071220 0.000000
197.014245 1.071220 0.000000
197.181225 1.071220 0.000000
197.348205 1.071220 0.000000
197.515185 1.071220 0.000000
197.682165 1.071220 0.000000
197.849145 1.071220 0.000000
198.016125 1.071220 0.000000
198.183105 1.071220 0.000000
198.350086 1.071220 0.000000
198.517066 1.071220 0.000000
198.684046 1.071220 0.000000
198.851026 1.071220 0.000000
199.018006 1.071220 0.000000
199.184986 1.071220 0.000000
199.351966 1.071220 0.000000
199.518946 1.071220 0.000000
199.685926 1.071220 0.000000
199.852906 1.071220 0.000000
200.019886 1.071220 0.000000
200.186866 1.071220 0.000000
200.353846 1.071220 0.000000
200.520826 1.071220 0.000000
200.687806 1.071220 0.000000
200.854786 1.071220 0.000000
201.021767 1.071220 0.000000
201.188747 1.071220 0.000000
201.355727 1.071220 0.000000
201.522707 1.071220 0.000000
201.689687 1.071220 0.000000
201.856667 1.071220 0.000000
202.023647 1.071220 0.000000
202.190627 1.071220 0.000000
202.357607 1.071220 0.000000
202.524587 1.071220 0.000000
202.691567 1.071220 0.000000
202.858547 1.071220 0.000000
203.025527 1.071220 0.000000
203.192507 1.071220 0.000000
203.359487 1.071220 0.000000
203.526467 1.071220 0.000000
203.693448 1.071220 0.000000
203.860428 1.071220 0.000000
204.027408 1.071220 0.000000
204.194388 1.071220 0.000000
204.361368 1.071220 0.000000
204.528348 1.071220 0.000000
204.695328 1.071220 0.000000
204.862308 1.071220 0.000000
205.029288 1.071220 0.000000
205.196268 1.071220 0.000000
205.363248 1.071220 0.000000
205.530228 1.071220 0.000000
205.697208 1.071220 0.000000
205.864188 1.071220 0.000000
206.031168 1.071220 0.000000
206.198149 1.071220 0.000000
206.365129 1.071220 0.000000
206.532109 1.071220 0.000000
206.699089 1.071220 0.000000
206.866069 1.071220 0.000000
207.033049 1.071220 0.000000
207.200029 1.071220 0.000000
207.367009 1.071220 0.000000
207.533989 1.071220 0.000000
207.700969 1.071220 0.000000
207.867949 1.071220 0.000000
208.034929 1.071220 0.000000
208.201909 1.071220 0.000000
208.368889 1.071220 0.000000
208.535869 1.071220 0.000000
208.702849 1.071220 0.000000
208.869830 1.071220 0.000000
209.036810 1.071220 0.000000
209.203790 1.071220 0.000000
209.370770 1.071220 0.000000
209.537750 1.071220 0.000000
209.704730 1.071220 0.000000
209.871710 1.071220 0.000000
210.038690 1.071220 0.000000
210.205670 1.071220 0.000000
210.372650 1.071220 0.000000
210.539630 1.071220 0.000000
210.706610 1.071220 0.000000
210.873590 1.071220 0.000000
211.040570 1.071220 0.000000
211.207550 1.071220 0.000000
211.374530 1.071220 0.000000
211.541511 1.071220 0.000000
211.708491 1.071220 0.000000
211.875471 1.071220 0.000000
212.042451 1.071220 0.000000
212.209431 1.071220 0.000000
212.376411 1.071220 0.000000
212.543391 1.071220 0.000000
212.710371 1.071220 0.000000
212.877351 1.071220 0.000000
213.044331 1.071220 0.000000
213.211311 1.071220 0.000000
213.378291 1.071220 0.000000
213.545271 1.071220 0.000000
213.712251 1.071220 0.000000
213.879231 1.071220 0.000000
214.046212 1.071220 0.000000
214.213192 1.071220 0.000000
214.380172 1.071220 0.000000
214.547152 1.071220 0.000000
214.714132 1.071220 0.000000
214.881112 1.071220 0.000000
215.048092 1.071220 0.000000
215.215072 1.071220 0.000000
215.382052 1.071220 0.000000
215.549032 1.071220 0.000000
215.716012 1.071220 0.000000
215.882992 1.071220 0.000000
216.049972 1.071220 0.000000
216.216952 1.071220 0.000000
216.383932 1.071220 0.000000
216.550912 1.071220 0.000000
216.717893 1.071220 0.000000
216.884873 1.071220 0.000000
217.051853 1.071220 0.000000
217.218833 1.071220 0.000000
217.385813 1.071220 0.000000
217.552793 1.071220 0.000000
217.719773 1.071220 0.000000
217.886753 1.071220 0.000000
218.053733 1.071220 0.000000
218.220713 1.071220 0.000000
218.387693 1.071220 0.000000
218.554673 1.071220 0.000000
218.721653 1.071220 0.000000
218.888633 1.071220 0.000000
219.055613 1.071220 0.000000
219.222593 1.071220 0.000000
219.389574 1.071220 0.000000
219.556554 1.071220 0.000000
219.723534 1.071220 0.000000
219.890514 1.071220 0.000000
220.057494 1.071220 0.000000
220.224474 1.071220 0.000000
220.391454 1.071220 0.000000
220.558434 1.071220 0.000000
220.725414 1.071220 0.000000
220.892394 1.071220 0.000000
221.059374 1.071220 0.000000
221.226354 1.071220 0.000000
221.393334 1.071220 0.000000
221.560314 1.071220 0.000000
221.727294 1.071220 0.000000
221.894275 1.071220 0.000000
222.061255 1.071220 0.000000
222.228235 1.071220 0.000000
222.395215 1.071220 0.000000
222.562195 1.071220 0.000000
222.729175 1.071220 0.000000
222.896155 1.071220 0.000000
223.063135 1.071220 0.000000
223.230115 1.071220 0.000000
223.397095 1.071220 0.000000
223.564075 1.071220 0.000000
223.731055 1.071220 0.000000
223.898035 1.071220 0.000000
224.065015 1.071220 0.000000
224.231995 1.071220 0.000000
224.398975 1.071220 0.000000
224.565956 1.071220 0.000000
224.732936 1.071220 0.000000
224.899916 1.071220 0.000000
225.066896 1.071220 0.000000
225.233876 1.071220 0.000000
225.400856 1.071220 0.000000
225.567836 1.071220 0.000000
225.734816 1.071220 0.000000
225.901796 1.071220 0.000000
226.068776 1.071220 0.000000
226.235756 1.071220 0.000000
226.402736 1.071220 0.000000
226.569716 1.071220 0.000000
226.736696 1.071220 0.000000
226.903676 1.071220 0.000000
227.070657 1.071220 0.000000
227.237637 1.071220 0.000000
227.404617 1.071220 0.000000
227.571597 1.071220 0.000000
227.738577 1.071220 0.000000
227.905557 1.071220 0.000000
228.072537 1.071220 0.000000
228.239517 1.071220 0.000000
228.406497 1.071220 0.000000
228.573477 1.071220 0.000000
228.740457 1.071220 0.000000
228.907437 1.071220 0.000000
229.074417 1.071220 0.000000
229.241397 1.071220 0.000000
229.408377 1.071220 0.000000
229.575357 1.071220 0.000000
229.742338 1.071220 0.000000
229.909318 1.071220 0.000000
230.076298 1.071220 0.000000
230.243278 1.071220 0.000000
230.410258 1.071220 0.000000
230.577238 1.071220 0.000000
230.744218 1.071220 0.000000
230.911198 1.071220 0.000000
231.078178 1.071220 0.000000
231.245158 1.071220 0.000000
231.412138 1.071220 0.000000
231.579118 1.071220 0.000000
231.746098 1.071220 0.000000
231.913078 1.071220 0.000000
232.080058 1.071220 0.000000
232.247038 1.071220 0.000000
232.414019 1.071220 0.000000
232.580999 1.071220 0.000000
232.747979 1.071220 0.000000
232.914959 1.071220 0.000000
233.081939 1.071220 0.000000
233.248919 1.071220 0.000000
233.415899 1.071220 0.000000
233.582879 1.071220 0.000000
233.749859 1.071220 0.000000
233.916849 1.071197 0.000000
234.083921 1.070974 0.000000
234.250921 1.070925 0.000000
234.397036 1.121271 0.000000
