54.461082 5.725951 0.000000
54.585240 5.780032 0.000000
54.728400 5.788476 0.000000
54.833077 5.894170 0.000000
54.860512 6.029561 0.000000
54.893514 6.162690 0.000000
54.972954 6.281271 0.000000
54.886381 6.396342 0.000000
54.862374 6.533184 0.000000
54.827009 6.665104 0.000000
54.762560 6.784973 0.000000
54.686241 6.899928 0.000000
54.579615 7.002338 0.000000
54.555546 7.138925 0.000000
54.458465 7.245286 0.000000
54.415552 7.374071 0.000000
54.311354 7.477486 0.000000
54.263563 7.604252 0.000000
54.169753 7.711967 0.000000
54.146732 7.848987 0.000000
54.039877 7.951303 0.000000
53.958686 8.064242 0.000000
53.899500 8.186291 0.000000
53.863564 8.317964 0.000000
53.765292 8.423832 0.000000
53.661471 8.527403 0.000000
53.633967 8.662568 0.000000
53.561341 8.779052 0.000000
53.491357 8.896631 0.000000
53.385275 8.999266 0.000000
53.358719 9.134823 0.000000
53.258663 9.239953 0.000000
53.221688 9.371196 0.000000
53.117139 9.474466 0.000000
53.062762 9.598505 0.000000
52.974298 9.708434 0.000000
52.951501 9.845547 0.000000
52.844756 9.947907 0.000000
52.757745 10.058437 0.000000
52.706108 10.183611 0.000000
52.663923 10.312698 0.000000
52.570002 10.420367 0.000000
52.464384 10.523194 0.000000
52.439808 10.659571 0.000000
52.359969 10.773070 0.000000
52.296635 10.893401 0.000000
52.191242 10.996322 0.000000
52.160965 11.130338 0.000000
52.059644 11.234944 0.000000
52.027847 11.368331 0.000000
51.922688 11.471348 0.000000
51.861613 11.592615 0.000000
51.779471 11.705160 0.000000
51.755571 11.841816 0.000000
51.649544 11.944475 0.000000
51.557256 12.052820 0.000000
51.512788 12.180962 0.000000
51.463621 12.307158 0.000000
51.374766 12.416924 0.000000
51.268187 12.519354 0.000000
51.245168 12.656374 0.000000
51.158738 12.767145 0.000000
51.102111 12.890253 0.000000
50.997377 12.993446 0.000000
50.962245 13.125453 0.000000
50.861559 13.230322 0.000000
50.833886 13.365416 0.000000
50.728029 13.468144 0.000000
50.660271 13.586644 0.000000
50.585162 13.702101 0.000000
50.558800 13.837738 0.000000
50.454269 13.941016 0.000000
50.357375 14.047454 0.000000
50.319433 14.178297 0.000000
50.262815 14.301409 0.000000
50.179605 14.413513 0.000000
50.072655 14.515788 0.000000
50.049147 14.652607 0.000000
49.942239 14.754900 0.000000
49.857707 14.866456 0.000000
49.803785 14.990684 0.000000
49.699215 15.093945 0.000000
49.662576 15.225328 0.000000
49.564185 15.331147 0.000000
49.460490 15.434770 0.000000
49.432791 15.569853 0.000000
49.360563 15.686503 0.000000
49.290227 15.803936 0.000000
49.184111 15.906557 0.000000
49.157720 16.042182 0.000000
49.057782 16.147360 0.000000
49.020506 16.278479 0.000000
48.915983 16.381760 0.000000
48.861963 16.505947 0.000000
48.773186 16.615746 0.000000
48.750410 16.752867 0.000000
48.643646 16.855220 0.000000
48.556934 16.965874 0.000000
48.504900 17.090883 0.000000
48.463070 17.220117 0.000000
48.368897 17.327682 0.000000
48.263353 17.430540 0.000000
48.238655 17.566866 0.000000
48.159188 17.680519 0.000000
48.095496 17.800702 0.000000
47.990065 17.903607 0.000000
47.960018 18.037718 0.000000
47.858717 18.142332 0.000000
47.826667 18.275615 0.000000
47.721544 18.378647 0.000000
47.660828 18.500062 0.000000
47.578328 18.612460 0.000000
47.554521 18.749154 0.000000
47.448438 18.851789 0.000000
47.356416 18.960245 0.000000
47.311579 19.088233 0.000000
47.262799 19.214590 0.000000
47.173657 19.324238 0.000000
47.067111 19.426681 0.000000
47.044043 19.563681 0.000000
46.957945 19.674589 0.000000
46.900961 19.797549 0.000000
46.796194 19.900729 0.000000
46.761347 20.032853 0.000000
46.660579 20.137688 0.000000
46.632716 20.272704 0.000000
46.526896 20.375447 0.000000
46.459493 20.494094 0.000000
46.383994 20.609390 0.000000
46.357798 20.745096 0.000000
46.253166 20.848331 0.000000
46.156499 20.954864 0.000000
46.118228 21.085571 0.000000
46.062017 21.208851 0.000000
45.978497 21.320826 0.000000
45.871624 21.423134 0.000000
45.848846 21.560255 0.000000
45.756990 21.668779 0.000000
45.706650 21.794489 0.000000
45.602356 21.897865 0.000000
45.561832 22.027639 0.000000
45.463403 22.133442 0.000000
45.438513 22.269689 0.000000
45.332068 22.372173 0.000000
45.258113 22.488108 0.000000
45.190075 22.606493 0.000000
45.160104 22.740635 0.000000
45.057857 22.844858 0.000000
44.957337 22.949796 0.000000
44.924738 23.082851 0.000000
44.860878 23.202965 0.000000
44.783446 23.317460 0.000000
44.676751 23.419841 0.000000
44.652956 23.556541 0.000000
44.556479 23.663152 0.000000
44.512586 23.791532 0.000000
44.408410 23.894956 0.000000
44.361630 24.022141 0.000000
44.267089 24.129553 0.000000
44.243915 24.266510 0.000000
44.137087 24.368836 0.000000
44.056847 24.482169 0.000000
43.996464 24.603722 0.000000
43.961422 24.735766 0.000000
43.862541 24.841382 0.000000
43.759088 24.945106 0.000000
43.731000 25.080028 0.000000
43.659542 25.196996 0.000000
43.588531 25.314150 0.000000
43.482349 25.416744 0.000000
43.456265 25.552496 0.000000
43.356569 25.657774 0.000000
43.318706 25.788651 0.000000
43.214233 25.891952 0.000000
43.160898 26.016423 0.000000
43.071526 26.125975 0.000000
43.048781 26.263109 0.000000
42.941983 26.365448 0.000000
42.855851 26.476342 0.000000
42.803050 26.601034 0.000000
42.761898 26.730548 0.000000
42.667246 26.837915 0.000000
42.561850 26.940834 0.000000
42.536907 27.077058 0.000000
42.458163 27.191011 0.000000
42.393780 27.310908 0.000000
42.288277 27.413783 0.000000
42.258663 27.548074 0.000000
42.157417 27.652710 0.000000
42.124871 27.785787 0.000000
42.019817 27.888848 0.000000
41.959793 28.010550 0.000000
41.876608 28.122664 0.000000
41.852969 28.259428 0.000000
41.746784 28.362020 0.000000
41.655281 28.470691 0.000000
41.609726 28.598382 0.000000
41.561690 28.725047 0.000000
41.471999 28.834468 0.000000
41.365523 28.936939 0.000000
41.342349 29.073896 0.000000
41.256899 29.185072 0.000000
41.199224 29.307746 0.000000
41.094395 29.410900 0.000000
41.060088 29.543248 0.000000
40.959178 29.648024 0.000000
40.930938 29.782884 0.000000
40.825189 29.885657 0.000000
40.758471 30.004588 0.000000
40.682225 30.119574 0.000000
40.656339 30.255408 0.000000
40.551517 30.358565 0.000000
40.455294 30.465281 0.000000
40.416383 30.595723 0.000000
40.360952 30.719327 0.000000
40.276830 30.831052 0.000000
40.169964 30.933363 0.000000
40.147217 31.070497 0.000000
40.055906 31.179246 0.000000
40.004888 31.304676 0.000000
39.900560 31.408037 0.000000
39.860653 31.538067 0.000000
39.761907 31.643739 0.000000
39.736767 31.779882 0.000000
39.630378 31.882390 0.000000
39.557089 31.998601 0.000000
39.488269 32.116661 0.000000
39.458750 32.250991 0.000000
39.356211 32.355093 0.000000
39.256047 32.460178 0.000000
39.222912 32.593011 0.000000
39.159844 32.713453 0.000000
39.081766 32.827681 0.000000
38.975034 32.930047 0.000000
38.951404 33.066815 0.000000
38.855342 33.173598 0.000000
38.810800 33.301709 0.000000
38.706631 33.405136 0.000000
38.660514 33.532595 0.000000
38.565508 33.639815 0.000000
38.542217 33.776723 0.000000
38.435412 33.879059 0.000000
38.355804 33.992654 0.000000
38.294630 34.113879 0.000000
38.260164 34.246162 0.000000
38.160894 34.351617 0.000000
38.057697 34.455446 0.000000
38.029206 34.590201 0.000000
37.958520 34.707490 0.000000
37.886835 34.824364 0.000000
37.780590 34.926932 0.000000
37.754800 35.062806 0.000000
37.655363 35.168191 0.000000
37.616907 35.298822 0.000000
37.512481 35.402142 0.000000
37.459830 35.526897 0.000000
37.369874 35.636207 0.000000
37.347144 35.773348 0.000000
37.240320 35.875676 0.000000
37.154773 35.986812 0.000000
37.101201 36.111185 0.000000
37.060720 36.240977 0.000000
36.965595 36.348148 0.000000
36.860357 36.451132 0.000000
36.835154 36.587249 0.000000
36.757138 36.701503 0.000000
36.692067 36.821115 0.000000
36.586491 36.923960 0.000000
36.557297 37.058424 0.000000
36.456126 37.163092 0.000000
36.423074 37.295960 0.000000
36.318088 37.399049 0.000000
36.258756 37.521037 0.000000
36.174894 37.632870 0.000000
36.151409 37.769699 0.000000
36.045129 37.872251 0.000000
35.954151 37.981139 0.000000
35.907873 38.108532 0.000000
35.860574 38.235501 0.000000
35.770342 38.344698 0.000000
35.663942 38.447201 0.000000
35.640649 38.584109 0.000000
35.555855 38.695557 0.000000
35.497489 38.817945 0.000000
35.392596 38.921072 0.000000
35.358819 39.053640 0.000000
35.257786 39.158365 0.000000
35.229158 39.293063 0.000000
35.123481 39.395866 0.000000
35.057449 39.515081 0.000000
34.980461 39.629760 0.000000
34.954870 39.765716 0.000000
34.849867 39.868798 0.000000
34.754097 39.975702 0.000000
34.714537 40.105875 0.000000
34.659884 40.229801 0.000000
34.575164 40.341279 0.000000
34.468311 40.443595 0.000000
34.445581 40.580736 0.000000
34.354828 40.689716 0.000000
34.303129 40.814865 0.000000
34.198763 40.918210 0.000000
34.159466 41.048492 0.000000
34.060420 41.154040 0.000000
34.035018 41.290074 0.000000
33.928687 41.392607 0.000000
33.856066 41.509093 0.000000
33.786465 41.626831 0.000000
33.757386 41.761343 0.000000
33.654564 41.865327 0.000000
33.554767 41.970564 0.000000
33.521085 42.103171 0.000000
33.458807 42.223940 0.000000
33.380088 42.337902 0.000000
33.273323 42.440255 0.000000
33.249843 42.577085 0.000000
33.154212 42.684046 0.000000
33.109015 42.811886 0.000000
33.004850 42.915315 0.000000
32.959393 43.043047 0.000000
32.863936 43.150081 0.000000
32.840513 43.286934 0.000000
32.733736 43.389282 0.000000
32.654764 43.503139 0.000000
32.592799 43.624038 0.000000
32.558897 43.756553 0.000000
32.459247 43.861851 0.000000
32.356317 43.965791 0.000000
32.327407 44.100373 0.000000
32.257498 44.217983 0.000000
32.185142 44.334580 0.000000
32.078835 44.437122 0.000000
32.053326 44.573112 0.000000
31.954165 44.678612 0.000000
31.915109 44.808994 0.000000
31.810726 44.912332 0.000000
31.758757 45.037369 0.000000
31.668228 45.146442 0.000000
31.645501 45.283584 0.000000
31.538655 45.385903 0.000000
31.453699 45.497283 0.000000
31.399354 45.621336 0.000000
31.359534 45.751402 0.000000
31.263945 45.858381 0.000000
31.158874 45.961434 0.000000
31.133398 46.097438 0.000000
31.056145 46.212003 0.000000
30.990536 46.331366 0.000000
30.887794 46.434884 0.000000
30.778787 46.525175 0.000000
30.626155 46.511444 0.000000
30.519008 46.612939 0.000000
30.416170 46.523056 0.000000
30.269573 46.523733 0.000000
30.149595 46.459860 0.000000
30.046377 46.355311 0.000000
29.916110 46.316024 0.000000
29.769266 46.316734 0.000000
29.622537 46.317164 0.000000
29.476410 46.316143 0.000000
29.327010 46.323021 0.000000
29.220435 46.226577 0.000000
29.075570 46.222667 0.000000
28.953397 46.163926 0.000000
28.853840 46.058769 0.000000
28.818809 45.926764 0.000000
28.714060 45.823572 0.000000
28.657637 45.700379 0.000000
28.571017 45.589687 0.000000
28.548024 45.452655 0.000000
28.441427 45.350234 0.000000
28.352738 45.240399 0.000000
28.303347 45.114295 0.000000
28.259090 44.986066 0.000000
28.166650 44.877783 0.000000
28.060658 44.775111 0.000000
28.036702 44.638478 0.000000
27.954767 44.525847 0.000000
27.893486 44.404665 0.000000
27.788306 44.301657 0.000000
27.756652 44.168210 0.000000
27.655322 44.063608 0.000000
27.624912 43.929647 0.000000
27.519540 43.826718 0.000000
27.456412 43.706301 0.000000
27.376360 43.592890 0.000000
27.351852 43.456486 0.000000
27.246193 43.353676 0.000000
27.152418 43.245946 0.000000
27.110028 43.116944 0.000000
27.058618 42.991676 0.000000
26.971436 42.881217 0.000000
26.864704 42.778851 0.000000
26.841892 42.641744 0.000000
26.753609 42.531741 0.000000
26.699028 42.407786 0.000000
26.594463 42.304523 0.000000
26.557660 42.173208 0.000000
26.457538 42.068106 0.000000
26.430886 41.932589 0.000000
26.324824 41.829946 0.000000
26.255043 41.712283 0.000000
26.182188 41.595893 0.000000
26.154795 41.460683 0.000000
26.050905 41.357140 0.000000
25.952754 41.251222 0.000000
25.916639 41.119622 0.000000
25.857689 40.997476 0.000000
25.776312 40.884614 0.000000
25.669453 40.782300 0.000000
25.646459 40.645269 0.000000
25.552796 40.537493 0.000000
25.504805 40.410810 0.000000
25.400602 40.307397 0.000000
25.357880 40.178532 0.000000
25.260684 40.072218 0.000000
25.236557 39.935656 0.000000
25.129938 39.833244 0.000000
25.053686 39.718260 0.000000
24.988392 39.598740 0.000000
24.956734 39.465295 0.000000
24.855590 39.360616 0.000000
24.753903 39.256161 0.000000
24.723073 39.122374 0.000000
24.656462 39.003399 0.000000
24.581306 38.887961 0.000000
24.474766 38.785516 0.000000
24.450293 38.649097 0.000000
24.352483 38.543037 0.000000
24.310822 38.413734 0.000000
24.206582 38.310336 0.000000
24.157469 38.184117 0.000000
24.064653 38.075991 0.000000
24.041783 37.938908 0.000000
23.934910 37.836600 0.000000
23.852499 37.724166 0.000000
23.794864 37.601475 0.000000
23.757731 37.470297 0.000000
23.660278 37.364090 0.000000
23.556017 37.260701 0.000000
23.529220 37.125244 0.000000
23.455092 37.009381 0.000000
23.386447 36.891248 0.000000
23.280499 36.788557 0.000000
23.253287 36.653272 0.000000
23.152827 36.548310 0.000000
23.116975 36.416602 0.000000
23.012317 36.313377 0.000000
22.956585 36.189898 0.000000
22.869335 36.079468 0.000000
22.846422 35.942403 0.000000
22.739768 35.840004 0.000000
22.651638 35.729938 0.000000
22.601495 35.604145 0.000000
22.557943 35.475624 0.000000
22.464997 35.367551 0.000000
22.359122 35.264831 0.000000
22.334972 35.128278 0.000000
22.253736 35.015357 0.000000
22.191763 34.894462 0.000000
22.086512 34.791483 0.000000
22.055333 34.657840 0.000000
21.953986 34.553245 0.000000
21.923120 34.419472 0.000000
21.817821 34.316513 0.000000
21.755384 34.195811 0.000000
21.674621 34.082694 0.000000
21.650332 33.946199 0.000000
21.544541 33.843443 0.000000
21.451259 33.735509 0.000000
21.408177 33.606794 0.000000
21.357526 33.481212 0.000000
21.269775 33.370988 0.000000
21.163088 33.268604 0.000000
21.140220 33.131520 0.000000
21.052552 33.021263 0.000000
20.997283 32.897592 0.000000
20.892663 32.794352 0.000000
20.856431 32.662801 0.000000
20.756101 32.557785 0.000000
20.729118 32.422404 0.000000
20.623124 32.319733 0.000000
20.554022 32.201789 0.000000
20.480404 32.085715 0.000000
20.453373 31.950355 0.000000
20.349257 31.846906 0.000000
20.251521 31.740816 0.000000
20.214800 31.609467 0.000000
20.156638 31.486995 0.000000
20.074640 31.374389 0.000000
19.967772 31.272080 0.000000
19.944856 31.135016 0.000000
19.851695 31.027032 0.000000
19.803034 30.900626 0.000000
19.698810 30.797222 0.000000
19.656725 30.668094 0.000000
19.559156 30.561935 0.000000
19.534827 30.425456 0.000000
19.428254 30.323024 0.000000
19.352657 30.207769 0.000000
19.286574 30.088576 0.000000
19.255416 29.954924 0.000000
19.153944 29.850381 0.000000
19.052578 29.745793 0.000000
19.021257 29.612209 0.000000
18.955433 29.492908 0.000000
18.879621 29.377742 0.000000
18.773033 29.275317 0.000000
18.748771 29.138810 0.000000
18.651323 29.032601 0.000000
18.609029 28.903559 0.000000
18.504813 28.800152 0.000000
18.456372 28.673655 0.000000
18.363045 28.565740 0.000000
18.340105 28.428686 0.000000
18.233239 28.326376 0.000000
18.151445 28.213686 0.000000
18.093024 28.091321 0.000000
18.056504 27.959889 0.000000
17.958630 27.853856 0.000000
17.854587 27.750377 0.000000
17.827439 27.615065 0.000000
17.754071 27.498887 0.000000
17.684746 27.381036 0.000000
17.578729 27.278374 0.000000
17.551857 27.142948 0.000000
17.451593 27.037904 0.000000
17.415174 26.906431 0.000000
17.310573 26.803183 0.000000
17.255530 26.679419 0.000000
17.167658 26.569245 0.000000
17.144811 26.432153 0.000000
17.038108 26.329775 0.000000
16.950543 26.219475 0.000000
16.899644 26.093995 0.000000
16.856789 25.965186 0.000000
16.763345 25.857319 0.000000
16.657596 25.754546 0.000000
16.633237 25.618080 0.000000
16.552707 25.504867 0.000000
16.490042 25.384258 0.000000
16.384720 25.281309 0.000000
16.354005 25.147474 0.000000
16.252661 25.042877 0.000000
16.221328 24.909298 0.000000
16.116100 24.806310 0.000000
16.054354 24.685321 0.000000
15.972888 24.572495 0.000000
15.948803 24.435916 0.000000
15.842888 24.333211 0.000000
15.750108 24.225070 0.000000
15.706325 24.096644 0.000000
15.656430 23.970749 0.000000
15.568115 23.860759 0.000000
15.461480 23.758353 0.000000
15.438542 23.621299 0.000000
15.351497 23.510783 0.000000
15.295540 23.387398 0.000000
15.190863 23.284181 0.000000
15.155194 23.152397 0.000000
15.054674 23.047459 0.000000
15.027347 22.912221 0.000000
14.921422 22.809521 0.000000
14.853001 22.691296 0.000000
14.778624 22.575535 0.000000
14.751940 22.440032 0.000000
14.647609 22.336672 0.000000
14.550296 22.230407 0.000000
14.512960 22.099313 0.000000
14.455582 21.976515 0.000000
14.372970 21.864164 0.000000
14.266096 21.761857 0.000000
14.243246 21.624766 0.000000
14.150600 21.516569 0.000000
14.101266 21.390442 0.000000
13.997017 21.287048 0.000000
13.955563 21.157659 0.000000
13.857637 21.051647 0.000000
13.833092 20.915258 0.000000
13.726569 20.812806 0.000000
13.651629 20.697279 0.000000
13.584760 20.578411 0.000000
13.554089 20.444557 0.000000
13.452297 20.340146 0.000000
13.351264 20.235421 0.000000
13.319439 20.102046 0.000000
13.254404 19.982418 0.000000
13.177938 19.867523 0.000000
13.071304 19.765116 0.000000
13.047240 19.628528 0.000000
12.950171 19.522162 0.000000
12.907238 19.393385 0.000000
12.803042 19.289969 0.000000
12.755270 19.163195 0.000000
12.661445 19.055486 0.000000
12.638421 18.918467 0.000000
12.531568 18.816151 0.000000
12.450394 18.703205 0.000000
12.391186 18.581165 0.000000
12.355267 18.449484 0.000000
12.256983 18.343622 0.000000
12.153169 18.240048 0.000000
12.125654 18.104888 0.000000
12.053050 17.988394 0.000000
11.983046 17.870823 0.000000
11.876962 17.768189 0.000000
11.850416 17.632628 0.000000
11.750367 17.527496 0.000000
11.713375 17.396259 0.000000
11.608827 17.292989 0.000000
11.554471 17.168941 0.000000
11.465989 17.059020 0.000000
11.443193 16.921907 0.000000
11.336447 16.819547 0.000000
11.249453 16.709009 0.000000
11.197793 16.583845 0.000000
11.155628 16.454750 0.000000
11.061693 16.347087 0.000000
10.956079 16.244258 0.000000
10.931496 16.107884 0.000000
10.851679 15.994376 0.000000
10.788324 15.874053 0.000000
10.682929 15.771134 0.000000
10.652665 15.637112 0.000000
10.551345 15.532506 0.000000
10.519535 15.399124 0.000000
10.414395 15.296099 0.000000
10.353826 15.174623 0.000000
10.275310 15.060576 0.000000
10.168480 14.958251 0.000000
10.144522 14.821619 0.000000
10.037885 14.719214 0.000000
9.949312 14.609330 0.000000
9.900097 14.483154 0.000000
9.795837 14.379764 0.000000
9.754710 14.250240 0.000000
9.656604 14.144303 0.000000
9.631942 14.007962 0.000000
9.525445 13.905499 0.000000
9.450848 13.789829 0.000000
9.383571 13.671130 0.000000
9.353147 13.537175 0.000000
9.251195 13.432830 0.000000
9.150338 13.328032 0.000000
9.118246 13.194767 0.000000
9.053620 13.074970 0.000000
8.976816 12.960215 0.000000
8.870160 12.857817 0.000000
8.846194 12.721189 0.000000
8.749327 12.614739 0.000000
8.706061 12.486100 0.000000
8.601873 12.382681 0.000000
8.554448 12.255763 0.000000
8.460370 12.148159 0.000000
8.437297 12.011160 0.000000
8.330451 11.908841 0.000000
8.249602 11.795760 0.000000
8.189984 11.673890 0.000000
8.154374 11.542082 0.000000
8.055879 11.436306 0.000000
7.952188 11.332681 0.000000
7.924462 11.197609 0.000000
7.851953 11.081074 0.000000
7.779709 10.964420 0.000000
7.752077 10.829310 0.000000
7.722051 10.696100 0.000000
7.684430 10.592951 0.000000
7.758507 10.475717 0.000000
7.753857 10.326921 0.000000
7.858069 10.222849 0.000000
7.985941 10.177427 0.000000
8.126050 10.161933 0.000000
8.236039 10.073724 0.000000
8.385579 10.080940 0.000000
8.531947 10.080501 0.000000
8.678440 10.080362 0.000000
8.824996 10.080375 0.000000
8.971547 10.080378 0.000000
9.118097 10.080378 0.000000
9.264647 10.080378 0.000000
9.411197 10.080378 0.000000
9.557748 10.080378 0.000000
9.704298 10.080378 0.000000
9.850848 10.080378 0.000000
9.997398 10.080378 0.000000
10.143949 10.080378 0.000000
10.290499 10.080378 0.000000
10.437049 10.080378 0.000000
10.583599 10.080378 0.000000
10.730150 10.080378 0.000000
10.876700 10.080378 0.000000
11.023250 10.080378 0.000000
11.169800 10.080378 0.000000
11.316351 10.080378 0.000000
11.462901 10.080378 0.000000
11.609451 10.080378 0.000000
11.756001 10.080378 0.000000
11.902552 10.080378 0.000000
12.049102 10.080378 0.000000
12.195652 10.080378 0.000000
12.342202 10.080378 0.000000
12.488752 10.080378 0.000000
12.635303 10.080378 0.000000
12.781853 10.080378 0.000000
12.928403 10.080378 0.000000
13.074953 10.080378 0.000000
13.221504 10.080378 0.000000
13.368054 10.080378 0.000000
13.514604 10.080378 0.000000
13.661154 10.080378 0.000000
13.807705 10.080378 0.000000
13.954255 10.080378 0.000000
14.100805 10.080378 0.000000
14.247355 10.080378 0.000000
14.393906 10.080378 0.000000
14.540456 10.080378 0.000000
14.687006 10.080378 0.000000
14.833556 10.080378 0.000000
14.980107 10.080378 0.000000
15.126657 10.080378 0.000000
15.273207 10.080378 0.000000
15.419757 10.080378 0.000000
15.566307 10.080378 0.000000
15.712858 10.080378 0.000000
15.859408 10.080378 0.000000
16.005958 10.080378 0.000000
16.152508 10.080378 0.000000
16.299059 10.080378 0.000000
16.445609 10.080378 0.000000
16.592159 10.080378 0.000000
16.738709 10.080378 0.000000
16.885260 10.080378 0.000000
17.031810 10.080378 0.000000
17.178360 10.080378 0.000000
17.324910 10.080378 0.000000
17.471461 10.080378 0.000000
17.618011 10.080378 0.000000
17.764561 10.080378 0.000000
17.911111 10.080378 0.000000
18.057662 10.080378 0.000000
18.204212 10.080378 0.000000
18.350762 10.080378 0.000000
18.497312 10.080377 0.000000
18.643860 10.080370 0.000000
18.790422 10.080399 0.000000
18.937093 10.080692 0.000000
19.082914 10.078932 0.000000
19.224203 10.066237 0.000000
19.332456 9.973833 0.000000
19.482001 9.981060 0.000000
19.628273 9.980388 0.000000
19.774770 9.980258 0.000000
19.921331 9.980285 0.000000
20.067825 9.980149 0.000000
20.214292 9.979949 0.000000
20.363685 9.986806 0.000000
20.475567 9.903159 0.000000
20.612899 9.880918 0.000000
20.758969 9.879759 0.000000
20.905690 9.880171 0.000000
21.052242 9.880174 0.000000
21.198796 9.880184 0.000000
21.345501 9.880557 0.000000
21.491460 9.879131 0.000000
21.630266 9.860445 0.000000
21.740762 9.773452 0.000000
21.890256 9.780557 0.000000
22.036657 9.780197 0.000000
22.183151 9.780060 0.000000
22.329712 9.780087 0.000000
22.476207 9.779952 0.000000
22.622550 9.779453 0.000000
22.772092 9.786670 0.000000
22.881525 9.697115 0.000000
23.021487 9.681218 0.000000
23.167374 9.679617 0.000000
23.314064 9.679955 0.000000
23.460620 9.679969 0.000000
23.607169 9.679966 0.000000
23.753902 9.680407 0.000000
23.900084 9.679519 0.000000
24.036147 9.654215 0.000000
24.149244 9.573498 0.000000
24.298519 9.580073 0.000000
24.445038 9.579995 0.000000
24.591532 9.579862 0.000000
24.738094 9.579889 0.000000
24.884593 9.579765 0.000000
25.030803 9.578945 0.000000
25.180319 9.586100 0.000000
25.287795 9.491821 0.000000
25.431287 9.484442 0.000000
25.555209 9.429845 0.000000
25.679628 9.376445 0.000000
25.827343 9.379255 0.000000
25.974110 9.379779 0.000000
26.120672 9.379808 0.000000
26.266427 9.377889 0.000000
26.412202 9.376018 0.000000
26.517098 9.275515 0.000000
26.665911 9.280974 0.000000
26.811894 9.279606 0.000000
26.958415 9.279535 0.000000
27.104977 9.279563 0.000000
27.251481 9.279452 0.000000
27.398154 9.279749 0.000000
27.546749 9.284682 0.000000
27.665195 9.216870 0.000000
27.795772 9.178330 0.000000
27.942594 9.178987 0.000000
28.089358 9.179501 0.000000
28.235893 9.179465 0.000000
28.382454 9.179490 0.000000
28.529082 9.179679 0.000000
28.674831 9.177745 0.000000
28.818816 9.171556 0.000000
28.924879 9.073867 0.000000
29.074183 9.080511 0.000000
29.220290 9.079442 0.000000
29.366796 9.079336 0.000000
29.513358 9.079363 0.000000
29.659856 9.079237 0.000000
29.806453 9.079352 0.000000
29.955461 9.085282 0.000000
30.070847 9.010088 0.000000
30.204548 8.979085 0.000000
30.350978 8.978794 0.000000
30.497728 8.979277 0.000000
30.644272 8.979260 0.000000
30.790830 8.979281 0.000000
30.937494 8.979555 0.000000
31.083289 8.977731 0.000000
31.225139 8.966391 0.000000
31.332523 8.871890 0.000000
31.484853 8.885836 0.000000
31.591244 8.788938 0.000000
31.734387 8.780718 0.000000
31.880140 8.778795 0.000000
32.026766 8.778977 0.000000
32.173546 8.779530 0.000000
32.320575 8.780687 0.000000
32.449631 8.738475 0.000000
32.569577 8.674284 0.000000
32.717955 8.678695 0.000000
32.864656 8.679058 0.000000
33.011163 8.678954 0.000000
33.157725 8.678983 0.000000
33.304255 8.678934 0.000000
33.450185 8.677438 0.000000
33.598660 8.682082 0.000000
33.703209 8.580741 0.000000
33.849706 8.580611 0.000000
33.995485 8.578751 0.000000
34.142064 8.578819 0.000000
34.288626 8.578847 0.000000
34.435148 8.578780 0.000000
34.581907 8.579284 0.000000
34.729421 8.581609 0.000000
34.855183 8.531451 0.000000
34.977732 8.473541 0.000000
35.122293 8.468740 0.000000
35.229053 8.372733 0.000000
35.378488 8.379695 0.000000
35.524648 8.378753 0.000000
35.671092 8.378496 0.000000
35.817566 8.378314 0.000000
35.966964 8.385184 0.000000
36.078793 8.301409 0.000000
36.216181 8.279302 0.000000
36.362247 8.278132 0.000000
36.508967 8.278543 0.000000
36.655519 8.278546 0.000000
36.802073 8.278556 0.000000
36.948779 8.278930 0.000000
37.094741 8.277513 0.000000
37.233494 8.258699 0.000000
37.344039 8.171825 0.000000
37.493531 8.178923 0.000000
37.639935 8.178569 0.000000
37.786428 8.178432 0.000000
37.932990 8.178459 0.000000
38.079484 8.178323 0.000000
38.225824 8.177816 0.000000
38.375381 8.185071 0.000000
38.484869 8.095647 0.000000
38.625605 8.081619 0.000000
38.752857 8.035056 0.000000
38.874082 7.973949 0.000000
39.022281 7.977928 0.000000
39.169016 7.978374 0.000000
39.315538 7.978306 0.000000
39.461348 7.976520 0.000000
39.608530 7.978045 0.000000
39.712864 7.876184 0.000000
39.860892 7.879751 0.000000
40.006770 7.878128 0.000000
40.153312 7.878108 0.000000
40.299874 7.878136 0.000000
40.446385 7.878042 0.000000
40.593110 7.878463 0.000000
40.741253 7.882307 0.000000
40.862855 7.822110 0.000000
40.989709 7.774586 0.000000
41.130787 7.761382 0.000000
41.240014 7.671330 0.000000
41.389578 7.678601 0.000000
41.535910 7.678074 0.000000
41.682347 7.677801 0.000000
41.828659 7.677227 0.000000
41.978211 7.684469 0.000000
42.087000 7.593358 0.000000
42.227679 7.579193 0.000000
42.373528 7.577500 0.000000
42.520209 7.577815 0.000000
42.666766 7.577832 0.000000
42.813313 7.577824 0.000000
42.960054 7.578284 0.000000
43.106318 7.577593 0.000000
43.241503 7.550171 0.000000
43.354809 7.469960 0.000000
43.505271 7.479397 0.000000
43.609527 7.377348 0.000000
43.756903 7.379342 0.000000
43.902722 7.377576 0.000000
44.049238 7.377494 0.000000
44.195965 7.377922 0.000000
44.344231 7.382062 0.000000
44.464937 7.319703 0.000000
44.593225 7.275638 0.000000
44.740366 7.277065 0.000000
44.887131 7.277583 0.000000
45.033660 7.277532 0.000000
45.180222 7.277560 0.000000
45.326826 7.277689 0.000000
45.472572 7.275749 0.000000
45.617853 7.272686 0.000000
45.722849 7.172424 0.000000
45.874732 7.185292 0.000000
45.984416 7.096340 0.000000
46.123547 7.078439 0.000000
46.269476 7.076939 0.000000
46.416175 7.077298 0.000000
46.562930 7.077793 0.000000
46.709276 7.077299 0.000000
46.843656 7.047934 0.000000
46.957725 6.969565 0.000000
47.107807 6.978086 0.000000
47.212069 6.876050 0.000000
47.359757 6.878797 0.000000
47.505599 6.877087 0.000000
47.652105 6.876981 0.000000
47.798819 6.877377 0.000000
47.947223 6.881850 0.000000
48.067078 6.817438 0.000000
48.195788 6.774394 0.000000
48.335248 6.757285 0.000000
48.445732 6.670263 0.000000
48.595248 6.677420 0.000000
48.741651 6.677065 0.000000
48.888090 6.676795 0.000000
49.034327 6.676041 0.000000
49.183865 6.683250 0.000000
49.291649 6.589713 0.000000
49.434699 6.581268 0.000000
49.559174 6.528005 0.000000
49.683056 6.473311 0.000000
49.830853 6.476318 0.000000
49.977616 6.476832 0.000000
50.124171 6.476844 0.000000
50.269933 6.474940 0.000000
50.415967 6.473695 0.000000
50.520728 6.372865 0.000000
50.669431 6.378061 0.000000
50.815396 6.376647 0.000000
50.961920 6.376584 0.000000
51.108482 6.376612 0.000000
51.254987 6.376503 0.000000
51.401671 6.376825 0.000000
51.550201 6.381604 0.000000
51.669195 6.315116 0.000000
51.798833 6.274309 0.000000
51.937459 6.255189 0.000000
52.048611 6.169778 0.000000
52.198084 6.176831 0.000000
52.344522 6.176560 0.000000
52.490959 6.176289 0.000000
52.637141 6.175398 0.000000
52.786801 6.182903 0.000000
52.895171 6.090781 0.000000
52.997898 5.985044 0.000000
53.143157 5.981928 0.000000
53.264543 5.921212 0.000000
53.391414 5.873729 0.000000
53.538770 5.875672 0.000000
53.685478 5.876053 0.000000
53.831747 5.875374 0.000000
53.981309 5.882639 0.000000
54.090018 5.791312 0.000000
54.231852 5.779741 0.000000
54.357675 5.730441 0.000000
54.461082 5.725951 0.000000
