180.086184 2.522695 0.000000
180.235529 2.572865 0.000000
180.385418 2.621785 0.000000
180.489372 2.749048 0.000000
180.559917 2.889905 0.000000
180.599947 3.043467 0.000000
180.723646 3.162396 0.000000
180.783754 3.307650 0.000000
180.888560 3.434400 0.000000
180.945059 3.581148 0.000000
181.068966 3.699990 0.000000
181.108529 3.853750 0.000000
181.183659 3.992784 0.000000
181.283852 4.121444 0.000000
181.389657 4.247781 0.000000
181.457863 4.389682 0.000000
181.498309 4.543075 0.000000
181.621836 4.662076 0.000000
181.683880 4.806528 0.000000
181.788419 4.933389 0.000000
181.843170 5.080860 0.000000
181.967133 5.199680 0.000000
182.006630 5.353466 0.000000
182.084102 5.491532 0.000000
182.182288 5.621022 0.000000
182.289870 5.746623 0.000000
182.355766 5.889481 0.000000
182.396750 6.042652 0.000000
182.520051 6.161745 0.000000
182.584082 6.305375 0.000000
182.688175 6.432421 0.000000
182.741253 6.580585 0.000000
182.865248 6.699391 0.000000
182.904794 6.853157 0.000000
182.984586 6.990262 0.000000
183.080722 7.120601 0.000000
183.190007 7.245497 0.000000
183.253631 7.389296 0.000000
183.295274 7.542193 0.000000
183.418289 7.661405 0.000000
183.484354 7.804193 0.000000
183.587820 7.931498 0.000000
183.639304 8.080322 0.000000
183.763315 8.199122 0.000000
183.803025 8.352820 0.000000
183.885105 8.488978 0.000000
183.979151 8.620182 0.000000
184.090061 8.744406 0.000000
184.151462 8.889124 0.000000
184.193889 9.041697 0.000000
184.316549 9.161057 0.000000
184.384688 9.302986 0.000000
184.487347 9.430625 0.000000
184.537324 9.580073 0.000000
184.661341 9.698870 0.000000
184.701327 9.852453 0.000000
184.785650 9.987683 0.000000
184.877574 10.119766 0.000000
184.990026 10.243351 0.000000
185.049265 10.388965 0.000000
185.092602 10.541161 0.000000
185.214829 10.660699 0.000000
185.285078 10.801755 0.000000
185.386749 10.929803 0.000000
185.435312 11.079836 0.000000
185.559332 11.198632 0.000000
185.599706 11.352055 0.000000
185.686216 11.486380 0.000000
185.775991 11.619352 0.000000
185.889894 11.742336 0.000000
185.947020 11.888825 0.000000
185.991080 12.040722 0.000000
186.088864 12.170379 0.000000
186.168394 12.307593 0.000000
186.180559 12.472693 0.000000
186.264234 12.608192 0.000000
186.385285 12.728217 0.000000
186.431529 12.879210 0.000000
186.485600 13.026963 0.000000
186.601570 13.149091 0.000000
186.687966 13.283462 0.000000
186.777734 13.416438 0.000000
186.818927 13.569522 0.000000
186.942952 13.688316 0.000000
186.989508 13.839180 0.000000
187.089307 13.968003 0.000000
187.162890 14.107679 0.000000
187.284277 14.227564 0.000000
187.329280 14.379071 0.000000
187.385306 14.526015 0.000000
187.499974 14.648683 0.000000
187.588549 14.782152 0.000000
187.676241 14.915987 0.000000
187.716877 15.069301 0.000000
187.840899 15.188096 0.000000
187.888720 15.338437 0.000000
187.989770 15.466742 0.000000
188.061199 15.607309 0.000000
188.183152 15.726961 0.000000
188.227047 15.878926 0.000000
188.285119 16.025023 0.000000
188.398383 16.148272 0.000000
188.488983 16.280903 0.000000
188.573221 16.416168 0.000000
188.580342 16.583357 0.000000
188.669003 16.716790 0.000000
188.788067 16.837638 0.000000
188.837688 16.987233 0.000000
188.887633 17.136694 0.000000
189.006217 17.257741 0.000000
189.087510 17.394225 0.000000
189.181747 17.525350 0.000000
189.224648 17.677727 0.000000
189.348676 17.796520 0.000000
189.392680 17.948440 0.000000
189.488995 18.078705 0.000000
189.567649 18.216282 0.000000
189.687341 18.336869 0.000000
189.735419 18.487103 0.000000
189.787063 18.635861 0.000000
189.904595 18.757343 0.000000
189.988080 18.892919 0.000000
190.080395 19.024840 0.000000
190.121468 19.177974 0.000000
190.185274 19.321697 0.000000
190.291500 19.447859 0.000000
190.281846 19.621993 0.000000
190.393442 19.745932 0.000000
190.490613 19.875843 0.000000
190.569186 20.013453 0.000000
190.608692 20.167235 0.000000
190.732672 20.286048 0.000000
190.786615 20.433854 0.000000
190.890964 20.560793 0.000000
190.953950 20.704856 0.000000
191.077376 20.823897 0.000000
191.118064 20.977191 0.000000
191.185163 21.119550 0.000000
191.291825 21.245532 0.000000
191.391066 21.374586 0.000000
191.467316 21.513158 0.000000
191.506833 21.666936 0.000000
191.630770 21.785766 0.000000
191.686426 21.932863 0.000000
191.791127 22.059656 0.000000
191.852152 22.204531 0.000000
191.975775 22.323491 0.000000
192.015989 22.476980 0.000000
192.085413 22.618378 0.000000
192.190263 22.745110 0.000000
192.291484 22.873344 0.000000
192.365387 23.012887 0.000000
192.405031 23.166612 0.000000
192.528896 23.285472 0.000000
192.586337 23.431830 0.000000
192.691210 23.558553 0.000000
192.750329 23.704216 0.000000
192.874098 23.823116 0.000000
192.913959 23.976751 0.000000
192.985727 24.117179 0.000000
193.088702 24.244687 0.000000
193.191851 24.372122 0.000000
193.263404 24.512639 0.000000
193.303292 24.666263 0.000000
193.427050 24.785167 0.000000
193.486341 24.930759 0.000000
193.591206 25.057485 0.000000
193.648480 25.203912 0.000000
193.772353 25.322769 0.000000
193.811981 25.476501 0.000000
193.886099 25.615955 0.000000
193.987141 25.744263 0.000000
194.092160 25.870925 0.000000
194.161370 26.012411 0.000000
194.201622 26.165885 0.000000
194.325229 26.284852 0.000000
194.386432 26.429653 0.000000
194.491108 26.556456 0.000000
194.546604 26.703620 0.000000
194.670546 26.822448 0.000000
194.710057 26.976228 0.000000
194.786522 27.114711 0.000000
194.885578 27.243841 0.000000
194.992403 27.369756 0.000000
195.059291 27.512203 0.000000
195.100028 27.665476 0.000000
195.223433 27.784526 0.000000
195.286594 27.928516 0.000000
195.390968 28.055445 0.000000
195.445455 28.203026 0.000000
195.491420 28.354135 0.000000
195.596945 28.480587 0.000000
195.591436 28.653005 0.000000
195.711491 28.773442 0.000000
195.788068 28.911878 0.000000
195.885828 29.041545 0.000000
195.930765 29.193080 0.000000
196.054792 29.311872 0.000000
196.096957 29.464554 0.000000
196.189512 29.596376 0.000000
196.272803 29.732032 0.000000
196.390436 29.853472 0.000000
196.441920 30.002297 0.000000
196.490134 30.152474 0.000000
196.609747 30.273094 0.000000
196.688602 30.410588 0.000000
196.784765 30.540916 0.000000
196.828679 30.692873 0.000000
196.952708 30.811666 0.000000
196.995687 30.964010 0.000000
197.090090 31.095067 0.000000
197.171181 31.231635 0.000000
197.289855 31.352644 0.000000
197.339651 31.502167 0.000000
197.389421 31.651700 0.000000
197.508111 31.772703 0.000000
197.589166 31.909285 0.000000
197.683598 32.040330 0.000000
197.726592 32.192668 0.000000
197.850620 32.311461 0.000000
197.894518 32.463425 0.000000
197.990654 32.593765 0.000000
198.069545 32.731243 0.000000
198.189144 32.851869 0.000000
198.237382 33.002037 0.000000
198.288837 33.150873 0.000000
198.406488 33.272305 0.000000
198.489744 33.407977 0.000000
198.582329 33.539786 0.000000
198.624507 33.692462 0.000000
198.748535 33.811255 0.000000
198.793454 33.962797 0.000000
198.891196 34.092471 0.000000
198.967896 34.230856 0.000000
199.088313 34.351143 0.000000
199.135269 34.501842 0.000000
199.191258 34.648801 0.000000
199.234636 34.800981 0.000000
199.358406 34.919880 0.000000
199.399679 35.072931 0.000000
199.489634 35.205829 0.000000
199.575830 35.340283 0.000000
199.691914 35.462365 0.000000
199.745811 35.610190 0.000000
199.792171 35.761135 0.000000
199.912832 35.881322 0.000000
199.988788 36.020015 0.000000
200.087045 36.149476 0.000000
200.132334 36.300864 0.000000
200.256361 36.419657 0.000000
200.298286 36.572439 0.000000
200.390221 36.704517 0.000000
200.474223 36.839880 0.000000
200.591495 36.961469 0.000000
200.643550 37.110057 0.000000
200.691290 37.260431 0.000000
200.811177 37.380938 0.000000
200.889322 37.518724 0.000000
200.986018 37.648832 0.000000
201.030251 37.800657 0.000000
201.154280 37.919450 0.000000
201.196995 38.071904 0.000000
201.291224 38.203032 0.000000
201.376957 38.337678 0.000000
201.416356 38.491505 0.000000
201.495874 38.628724 0.000000
201.517112 38.790069 0.000000
201.640041 38.909316 0.000000
201.690152 39.058709 0.000000
201.792892 39.186314 0.000000
201.860839 39.328323 0.000000
201.983534 39.447667 0.000000
202.025885 39.600272 0.000000
202.087487 39.744908 0.000000
202.198252 39.869191 0.000000
202.292491 40.000315 0.000000
202.374363 40.136560 0.000000
202.414053 40.290266 0.000000
202.538063 40.409066 0.000000
202.589690 40.557831 0.000000
202.693221 40.685109 0.000000
202.759097 40.827975 0.000000
202.882141 40.947175 0.000000
202.923719 41.100100 0.000000
202.987549 41.243813 0.000000
203.096681 41.368772 0.000000
203.193006 41.499033 0.000000
203.272587 41.636225 0.000000
203.312124 41.789995 0.000000
203.436117 41.908802 0.000000
203.489345 42.056904 0.000000
203.593486 42.183930 0.000000
203.657333 42.327636 0.000000
203.780658 42.446720 0.000000
203.821587 42.599913 0.000000
203.887694 42.742684 0.000000
203.995115 42.868351 0.000000
204.093487 42.997765 0.000000
204.170745 43.135919 0.000000
204.210243 43.289705 0.000000
204.334202 43.408526 0.000000
204.389110 43.555932 0.000000
204.493682 43.682779 0.000000
204.555546 43.827306 0.000000
204.679090 43.946299 0.000000
204.719494 44.099710 0.000000
204.787913 44.241524 0.000000
204.893552 44.367929 0.000000
204.993926 44.496514 0.000000
205.068841 44.635637 0.000000
205.108416 44.789392 0.000000
205.232316 44.908237 0.000000
205.288979 45.054917 0.000000
205.393800 45.181661 0.000000
205.453734 45.326987 0.000000
205.577446 45.445911 0.000000
205.617444 45.599489 0.000000
205.688199 45.740336 0.000000
205.791991 45.867506 0.000000
205.894316 45.995283 0.000000
205.966881 46.135380 0.000000
206.006649 46.289054 0.000000
206.130458 46.407937 0.000000
206.188944 46.553863 0.000000
206.293834 46.680578 0.000000
206.351896 46.826679 0.000000
206.475729 46.945552 0.000000
206.515443 47.099249 0.000000
206.588547 47.239122 0.000000
206.690430 47.367083 0.000000
206.794650 47.494075 0.000000
206.864869 47.635143 0.000000
206.904969 47.788680 0.000000
207.028943 47.907496 0.000000
207.095185 48.050229 0.000000
207.126583 48.207565 0.000000
207.198821 48.351754 0.000000
207.088011 48.477878 0.000000
207.097865 48.651962 0.000000
206.986007 48.776465 0.000000
206.833029 48.818112 0.000000
206.686870 48.875987 0.000000
206.534661 48.919247 0.000000
206.364869 48.920079 0.000000
206.194654 48.919891 0.000000
206.024504 48.919860 0.000000
205.854367 48.919858 0.000000
205.684230 48.919858 0.000000
205.514093 48.919858 0.000000
205.343955 48.919858 0.000000
205.173818 48.919858 0.000000
205.003681 48.919858 0.000000
204.833544 48.919858 0.000000
204.663407 48.919858 0.000000
204.493270 48.919858 0.000000
204.323133 48.919858 0.000000
204.152996 48.919858 0.000000
203.982859 48.919858 0.000000
203.812722 48.919858 0.000000
203.642585 48.919858 0.000000
203.472448 48.919858 0.000000
203.302311 48.919858 0.000000
203.132174 48.919858 0.000000
202.962037 48.919858 0.000000
202.791900 48.919858 0.000000
202.621763 48.919858 0.000000
202.451626 48.919858 0.000000
202.281489 48.919858 0.000000
202.111352 48.919858 0.000000
201.941215 48.919858 0.000000
201.771077 48.919858 0.000000
201.600940 48.919858 0.000000
201.430803 48.919858 0.000000
201.260666 48.919858 0.000000
201.090529 48.919858 0.000000
200.920392 48.919858 0.000000
200.750255 48.919858 0.000000
200.580118 48.919858 0.000000
200.409981 48.919858 0.000000
200.239844 48.919858 0.000000
200.069707 48.919858 0.000000
199.899570 48.919858 0.000000
199.729433 48.919858 0.000000
199.559296 48.919858 0.000000
199.389159 48.919858 0.000000
199.219022 48.919858 0.000000
199.048885 48.919858 0.000000
198.878748 48.919858 0.000000
198.708611 48.919858 0.000000
198.538474 48.919858 0.000000
198.368337 48.919858 0.000000
198.198199 48.919858 0.000000
198.028062 48.919858 0.000000
197.857925 48.919858 0.000000
197.687788 48.919858 0.000000
197.517651 48.919858 0.000000
197.347514 48.919858 0.000000
197.177377 48.919858 0.000000
197.007240 48.919858 0.000000
196.837103 48.919858 0.000000
196.666966 48.919858 0.000000
196.496829 48.919858 0.000000
196.326692 48.919858 0.000000
196.156555 48.919858 0.000000
195.986418 48.919858 0.000000
195.816281 48.919858 0.000000
195.646144 48.919858 0.000000
195.476007 48.919858 0.000000
195.305870 48.919858 0.000000
195.135733 48.919858 0.000000
194.965596 48.919858 0.000000
194.795459 48.919858 0.000000
194.625321 48.919858 0.000000
194.455184 48.919858 0.000000
194.285047 48.919858 0.000000
194.114910 48.919858 0.000000
193.944773 48.919858 0.000000
193.774636 48.919858 0.000000
193.604499 48.919858 0.000000
193.434362 48.919858 0.000000
193.264225 48.919858 0.000000
193.094088 48.919858 0.000000
192.923951 48.919858 0.000000
192.753814 48.919858 0.000000
192.583677 48.919858 0.000000
192.413540 48.919858 0.000000
192.243403 48.919858 0.000000
192.073266 48.919858 0.000000
191.903129 48.919858 0.000000
191.732992 48.919858 0.000000
191.562855 48.919858 0.000000
191.392718 48.919858 0.000000
191.222581 48.919858 0.000000
191.052443 48.919858 0.000000
190.882306 48.919858 0.000000
190.712169 48.919858 0.000000
190.542032 48.919858 0.000000
190.371895 48.919858 0.000000
190.201758 48.919858 0.000000
190.031621 48.919858 0.000000
189.861484 48.919858 0.000000
189.691347 48.919858 0.000000
189.521210 48.919858 0.000000
189.351073 48.919858 0.000000
189.180936 48.919858 0.000000
189.010799 48.919858 0.000000
188.840662 48.919858 0.000000
188.670525 48.919858 0.000000
188.500388 48.919858 0.000000
188.330251 48.919858 0.000000
188.160114 48.919858 0.000000
187.989977 48.919858 0.000000
187.819840 48.919858 0.000000
187.649703 48.919858 0.000000
187.479565 48.919858 0.000000
187.309428 48.919858 0.000000
187.139291 48.919858 0.000000
186.969154 48.919858 0.000000
186.799017 48.919858 0.000000
186.628880 48.919858 0.000000
186.458743 48.919858 0.000000
186.288606 48.919858 0.000000
186.118469 48.919858 0.000000
185.948332 48.919858 0.000000
185.778195 48.919858 0.000000
185.608058 48.919858 0.000000
185.437921 48.919858 0.000000
185.267784 48.919858 0.000000
185.097647 48.919858 0.000000
184.927510 48.919858 0.000000
184.757373 48.919858 0.000000
184.587236 48.919858 0.000000
184.417099 48.919858 0.000000
184.246962 48.919858 0.000000
184.076825 48.919858 0.000000
183.906687 48.919858 0.000000
183.736550 48.919858 0.000000
183.566413 48.919858 0.000000
183.396276 48.919858 0.000000
183.226139 48.919858 0.000000
183.056002 48.919858 0.000000
182.885865 48.919858 0.000000
182.715728 48.919858 0.000000
182.545591 48.919858 0.000000
182.375454 48.919858 0.000000
182.205317 48.919858 0.000000
182.035180 48.919858 0.000000
181.865043 48.919858 0.000000
181.694906 48.919858 0.000000
181.524769 48.919858 0.000000
181.354632 48.919858 0.000000
181.184495 48.919858 0.000000
181.014358 48.919858 0.000000
180.844221 48.919858 0.000000
180.674084 48.919858 0.000000
180.503947 48.919858 0.000000
180.333809 48.919858 0.000000
180.163672 48.919858 0.000000
179.993535 48.919858 0.000000
179.823398 48.919858 0.000000
179.653261 48.919858 0.000000
179.483124 48.919858 0.000000
179.312987 48.919858 0.000000
179.142850 48.919858 0.000000
178.972713 48.919858 0.000000
178.802576 48.919858 0.000000
178.632439 48.919858 0.000000
178.462302 48.919858 0.000000
178.292165 48.919858 0.000000
178.122028 48.919858 0.000000
177.951891 48.919858 0.000000
177.781754 48.919858 0.000000
177.611617 48.919858 0.000000
177.441480 48.919858 0.000000
177.271343 48.919858 0.000000
177.101206 48.919858 0.000000
176.931069 48.919858 0.000000
176.760931 48.919858 0.000000
176.590794 48.919858 0.000000
176.420657 48.919858 0.000000
176.250520 48.919858 0.000000
176.080383 48.919858 0.000000
175.910246 48.919858 0.000000
175.740109 48.919858 0.000000
175.569972 48.919858 0.000000
175.399835 48.919858 0.000000
175.229698 48.919858 0.000000
175.059561 48.919858 0.000000
174.889424 48.919858 0.000000
174.719287 48.919858 0.000000
174.549150 48.919858 0.000000
174.379013 48.919858 0.000000
174.208876 48.919858 0.000000
174.038739 48.919858 0.000000
173.868602 48.919858 0.000000
173.698465 48.919858 0.000000
173.528328 48.919858 0.000000
173.358191 48.919858 0.000000
173.188053 48.919858 0.000000
173.017916 48.919858 0.000000
172.847779 48.919858 0.000000
172.677642 48.919858 0.000000
172.507505 48.919858 0.000000
172.337368 48.919858 0.000000
172.167231 48.919858 0.000000
171.997094 48.919858 0.000000
171.826957 48.919858 0.000000
171.656820 48.919858 0.000000
171.486683 48.919858 0.000000
171.316546 48.919858 0.000000
171.146409 48.919858 0.000000
170.976272 48.919858 0.000000
170.806135 48.919858 0.000000
170.635998 48.919858 0.000000
170.465861 48.919858 0.000000
170.295724 48.919858 0.000000
170.125587 48.919858 0.000000
169.955450 48.919858 0.000000
169.785313 48.919858 0.000000
169.615175 48.919858 0.000000
169.445038 48.919858 0.000000
169.274901 48.919858 0.000000
169.104764 48.919858 0.000000
168.934627 48.919858 0.000000
168.764490 48.919858 0.000000
168.594353 48.919858 0.000000
168.424216 48.919858 0.000000
168.254079 48.919858 0.000000
168.083942 48.919858 0.000000
167.913805 48.919858 0.000000
167.743668 48.919858 0.000000
167.573531 48.919858 0.000000
167.403394 48.919858 0.000000
167.233257 48.919858 0.000000
167.063120 48.919858 0.000000
166.892983 48.919858 0.000000
166.722846 48.919858 0.000000
166.552709 48.919858 0.000000
166.382572 48.919858 0.000000
166.212435 48.919858 0.000000
166.042298 48.919858 0.000000
165.872160 48.919858 0.000000
165.702023 48.919858 0.000000
165.531886 48.919858 0.000000
165.361749 48.919858 0.000000
165.191612 48.919858 0.000000
165.021475 48.919858 0.000000
164.851338 48.919858 0.000000
164.681201 48.919858 0.000000
164.511064 48.919858 0.000000
164.340927 48.919858 0.000000
164.170790 48.919858 0.000000
164.000653 48.919858 0.000000
163.830516 48.919858 0.000000
163.660379 48.919858 0.000000
163.490242 48.919858 0.000000
163.320105 48.919858 0.000000
163.149968 48.919858 0.000000
162.979831 48.919858 0.000000
162.809694 48.919858 0.000000
162.639557 48.919858 0.000000
162.469420 48.919858 0.000000
162.299282 48.919858 0.000000
162.129145 48.919858 0.000000
161.959008 48.919858 0.000000
161.788871 48.919858 0.000000
161.618734 48.919858 0.000000
161.448597 48.919858 0.000000
161.278460 48.919858 0.000000
161.108323 48.919858 0.000000
160.938186 48.919858 0.000000
160.768049 48.919858 0.000000
160.597912 48.919858 0.000000
160.427775 48.919858 0.000000
160.257638 48.919858 0.000000
160.087501 48.919858 0.000000
159.917364 48.919858 0.000000
159.747227 48.919858 0.000000
159.577090 48.919858 0.000000
159.406953 48.919858 0.000000
159.236816 48.919858 0.000000
159.066679 48.919858 0.000000
158.896542 48.919858 0.000000
158.726404 48.919858 0.000000
158.556267 48.919858 0.000000
158.386130 48.919858 0.000000
158.215993 48.919858 0.000000
158.045856 48.919858 0.000000
157.875719 48.919858 0.000000
157.705582 48.919858 0.000000
157.535445 48.919858 0.000000
157.365308 48.919858 0.000000
157.195171 48.919858 0.000000
157.025034 48.919858 0.000000
156.854897 48.919858 0.000000
156.684760 48.919858 0.000000
156.514623 48.919858 0.000000
156.344486 48.919858 0.000000
156.174349 48.919858 0.000000
156.004212 48.919858 0.000000
155.834075 48.919858 0.000000
155.663938 48.919858 0.000000
155.493801 48.919858 0.000000
155.323664 48.919858 0.000000
155.153526 48.919858 0.000000
154.983389 48.919858 0.000000
154.813252 48.919858 0.000000
154.643115 48.919858 0.000000
154.472978 48.919858 0.000000
154.302841 48.919858 0.000000
154.132704 48.919858 0.000000
153.962567 48.919858 0.000000
153.792430 48.919858 0.000000
153.622294 48.919857 0.000000
153.452144 48.919887 0.000000
153.281837 48.920297 0.000000
153.110871 48.922298 0.000000
152.968911 48.854315 0.000000
152.811611 48.823408 0.000000
152.669424 48.756731 0.000000
152.572392 48.627296 0.000000
152.572743 48.457008 0.000000
152.468962 48.325459 0.000000
152.565220 48.190154 0.000000
152.573569 48.023311 0.000000
152.665820 47.891338 0.000000
152.706048 47.737854 0.000000
152.830086 47.619065 0.000000
152.880334 47.469730 0.000000
152.983155 47.342158 0.000000
153.050909 47.200069 0.000000
153.173640 47.080739 0.000000
153.215913 46.928103 0.000000
153.277720 46.783552 0.000000
153.388337 46.659207 0.000000
153.482770 46.528163 0.000000
153.564432 46.391832 0.000000
153.604103 46.238118 0.000000
153.728112 46.119317 0.000000
153.779884 45.970612 0.000000
153.883478 45.843361 0.000000
153.949165 45.700416 0.000000
154.072238 45.581228 0.000000
154.113750 45.428276 0.000000
154.177790 45.284650 0.000000
154.286767 45.159627 0.000000
154.383283 45.029445 0.000000
154.462650 44.892164 0.000000
154.502178 44.738390 0.000000
154.626169 44.619582 0.000000
154.679549 44.471543 0.000000
154.783738 44.344538 0.000000
154.847399 44.200755 0.000000
154.970746 44.081680 0.000000
155.011622 43.928465 0.000000
155.077941 43.785782 0.000000
155.185201 43.660048 0.000000
155.283760 43.530711 0.000000
155.360802 43.392468 0.000000
155.400302 43.238683 0.000000
155.524257 43.119860 0.000000
155.579324 42.972519 0.000000
155.683926 42.845685 0.000000
155.745609 42.701083 0.000000
155.869172 42.582098 0.000000
155.909532 42.428669 0.000000
155.978167 42.286945 0.000000
156.083638 42.160470 0.000000
156.184194 42.031961 0.000000
156.258894 41.892747 0.000000
156.298503 41.739007 0.000000
156.422626 41.620254 0.000000
156.484009 41.475528 0.000000
156.520245 41.320392 0.000000
156.579014 41.174584 0.000000
156.684122 41.047959 0.000000
156.744474 40.902806 0.000000
156.787476 40.750470 0.000000
156.909874 40.631003 0.000000
156.979338 40.489622 0.000000
157.081396 40.361734 0.000000
157.130471 40.211913 0.000000
157.254490 40.093117 0.000000
157.294708 39.939629 0.000000
157.380415 39.804972 0.000000
157.470989 39.672331 0.000000
157.584366 39.549129 0.000000
157.642279 39.402966 0.000000
157.686254 39.251034 0.000000
157.808167 39.131365 0.000000
157.879760 38.990866 0.000000
157.980720 38.862524 0.000000
158.028440 38.712142 0.000000
158.152463 38.593347 0.000000
158.193138 38.440048 0.000000
158.280990 38.306280 0.000000
158.369401 38.172742 0.000000
158.484171 38.050117 0.000000
158.540045 37.903111 0.000000
158.585138 37.751641 0.000000
158.706478 37.631736 0.000000
158.780225 37.492128 0.000000
158.879923 37.363263 0.000000
158.926386 37.212361 0.000000
159.050412 37.093567 0.000000
159.091652 36.940502 0.000000
159.181574 36.807591 0.000000
159.267803 36.673151 0.000000
159.383868 36.551061 0.000000
159.437795 36.403248 0.000000
159.484134 36.252295 0.000000
159.604806 36.132113 0.000000
159.680729 35.993406 0.000000
159.779009 35.863954 0.000000
159.824315 35.712573 0.000000
159.948342 35.593780 0.000000
159.990255 35.440993 0.000000
160.082160 35.308903 0.000000
160.166196 35.173554 0.000000
160.283451 35.051958 0.000000
160.335533 34.903382 0.000000
160.383251 34.752998 0.000000
160.503151 34.632497 0.000000
160.581262 34.494696 0.000000
160.677983 34.364599 0.000000
160.722232 34.212780 0.000000
160.846260 34.093987 0.000000
160.888952 33.941523 0.000000
160.982741 33.810213 0.000000
161.064577 33.673954 0.000000
161.182912 33.552804 0.000000
161.233266 33.403512 0.000000
161.282494 33.253754 0.000000
161.401510 33.132887 0.000000
161.481819 32.995996 0.000000
161.576850 32.865199 0.000000
161.620144 32.712985 0.000000
161.744173 32.594192 0.000000
161.787749 32.442094 0.000000
161.883311 32.311518 0.000000
161.962946 32.174348 0.000000
162.082245 32.053597 0.000000
162.130996 31.903642 0.000000
162.181867 31.754564 0.000000
162.299882 31.633282 0.000000
162.382393 31.497303 0.000000
162.475616 31.365757 0.000000
162.518058 31.213190 0.000000
162.642086 31.094398 0.000000
162.686648 30.942708 0.000000
162.783862 30.812815 0.000000
162.861301 30.674736 0.000000
162.981448 30.554337 0.000000
163.028730 30.403773 0.000000
163.081366 30.255426 0.000000
163.198267 30.133683 0.000000
163.282977 29.998613 0.000000
163.374284 29.866275 0.000000
163.415979 29.713399 0.000000
163.540006 29.594606 0.000000
163.585656 29.443367 0.000000
163.684387 29.314102 0.000000
163.759640 29.175118 0.000000
163.880528 29.055025 0.000000
163.926471 28.903907 0.000000
163.980984 28.756337 0.000000
164.096663 28.634088 0.000000
164.183563 28.499925 0.000000
164.272859 28.366755 0.000000
164.313914 28.213614 0.000000
164.437939 28.094819 0.000000
164.484778 27.944072 0.000000
164.584879 27.815375 0.000000
164.657964 27.675493 0.000000
164.779489 27.555664 0.000000
164.824226 27.404047 0.000000
164.880715 27.257295 0.000000
164.995069 27.134498 0.000000
165.084145 27.001236 0.000000
165.171347 26.867198 0.000000
165.211870 26.713836 0.000000
165.335892 26.595041 0.000000
165.384017 26.444827 0.000000
165.485332 26.316631 0.000000
165.556269 26.175861 0.000000
165.678339 26.056258 0.000000
165.721997 25.904194 0.000000
165.780552 25.758297 0.000000
165.893483 25.634910 0.000000
165.984716 25.502541 0.000000
166.069752 25.367607 0.000000
166.109851 25.214070 0.000000
166.233870 25.095273 0.000000
166.283379 24.945632 0.000000
166.385738 24.817869 0.000000
166.454556 24.676221 0.000000
166.577084 24.556807 0.000000
166.619792 24.404350 0.000000
166.680486 24.259339 0.000000
166.791904 24.135326 0.000000
166.885268 24.003839 0.000000
166.968078 23.867984 0.000000
167.007866 23.714317 0.000000
167.131879 23.595519 0.000000
167.182867 23.446489 0.000000
167.286091 23.319084 0.000000
167.352822 23.176572 0.000000
167.475730 23.057316 0.000000
167.517613 22.904517 0.000000
167.580513 22.760419 0.000000
167.690332 22.635744 0.000000
167.785796 22.505127 0.000000
167.866332 22.368330 0.000000
167.905919 22.214581 0.000000
168.029920 22.095777 0.000000
168.082474 21.947396 0.000000
168.186384 21.820275 0.000000
168.251067 21.676915 0.000000
168.374283 21.557786 0.000000
168.415467 21.404698 0.000000
168.480624 21.261534 0.000000
168.588764 21.136165 0.000000
168.686292 21.006402 0.000000
168.764517 20.868648 0.000000
168.804017 20.714863 0.000000
168.927993 20.596048 0.000000
168.982195 20.448350 0.000000
169.086609 20.321437 0.000000
169.149290 20.177248 0.000000
169.272750 20.058221 0.000000
169.313357 19.904894 0.000000
169.380813 19.762682 0.000000
169.487200 19.636586 0.000000
169.586749 19.507660 0.000000
169.662638 19.368939 0.000000
169.702167 19.215166 0.000000
169.826095 19.096332 0.000000
169.882021 18.949347 0.000000
169.986761 18.822569 0.000000
170.047488 18.677572 0.000000
170.171137 18.558622 0.000000
170.211288 18.405107 0.000000
170.281072 18.263859 0.000000
170.385638 18.137009 0.000000
170.487160 18.008900 0.000000
170.560700 17.869206 0.000000
170.600374 17.715493 0.000000
170.724225 17.596627 0.000000
170.781947 17.450386 0.000000
170.886831 17.323668 0.000000
170.945661 17.177885 0.000000
171.069449 17.058993 0.000000
171.109267 16.905339 0.000000
171.181396 16.765062 0.000000
171.284077 16.637432 0.000000
171.387518 16.510117 0.000000
171.458709 16.369451 0.000000
171.498645 16.215847 0.000000
171.622383 16.096934 0.000000
171.681965 15.951462 0.000000
171.786810 15.824728 0.000000
171.843778 15.678175 0.000000
171.966371 15.558788 0.000000
171.977679 15.393332 0.000000
172.067371 15.260325 0.000000
172.106253 15.106284 0.000000
172.182431 14.967683 0.000000
172.283109 14.839224 0.000000
172.330200 14.688582 0.000000
172.454225 14.569787 0.000000
172.495164 14.416598 0.000000
172.584046 14.283256 0.000000
172.671384 14.149275 0.000000
172.786805 14.026919 0.000000
172.841707 13.879510 0.000000
172.887398 13.728288 0.000000
173.008422 13.608251 0.000000
173.083238 13.469087 0.000000
173.182256 13.339940 0.000000
173.228137 13.188797 0.000000
173.352163 13.070003 0.000000
173.393722 12.917070 0.000000
173.484632 12.784568 0.000000
173.569782 12.649681 0.000000
173.686447 12.527840 0.000000
173.739451 12.379645 0.000000
173.786453 12.228966 0.000000
173.906758 12.108632 0.000000
173.983757 11.970371 0.000000
174.081286 11.840608 0.000000
174.126059 11.689006 0.000000
174.250087 11.570213 0.000000
174.292371 11.417580 0.000000
174.385217 11.285879 0.000000
174.468170 11.150083 0.000000
174.585971 11.028712 0.000000
174.637186 10.879777 0.000000
174.685631 10.729695 0.000000
174.805110 10.609019 0.000000
174.884303 10.471666 0.000000
174.980208 10.341231 0.000000
175.023973 10.189212 0.000000
175.148002 10.070419 0.000000
175.191116 9.918130 0.000000
175.285793 9.787187 0.000000
175.366545 9.650479 0.000000
175.485369 9.529533 0.000000
175.534917 9.379907 0.000000
175.584938 9.230477 0.000000
175.703476 9.109412 0.000000
175.784870 8.972970 0.000000
175.879024 8.841810 0.000000
175.921885 8.689417 0.000000
176.045914 8.570624 0.000000
176.089963 8.418722 0.000000
176.186354 8.288489 0.000000
176.264907 8.150870 0.000000
176.384638 8.030299 0.000000
176.432648 7.880037 0.000000
176.484374 7.731313 0.000000
176.601855 7.609810 0.000000
176.685449 7.474279 0.000000
176.777741 7.342348 0.000000
176.819802 7.189623 0.000000
176.943829 7.070831 0.000000
176.988915 6.919358 0.000000
177.086893 6.789781 0.000000
177.163254 6.651256 0.000000
177.283779 6.531013 0.000000
177.330385 6.380169 0.000000
177.383933 6.232200 0.000000
177.500245 6.110213 0.000000
177.586035 5.975591 0.000000
177.676363 5.842847 0.000000
177.717729 5.689835 0.000000
177.841755 5.571041 0.000000
177.887978 5.420039 0.000000
177.987403 5.291061 0.000000
178.061586 5.151634 0.000000
178.182800 5.031677 0.000000
178.228132 4.880306 0.000000
178.283607 4.733134 0.000000
178.398646 4.610620 0.000000
178.486620 4.476902 0.000000
178.574894 4.343308 0.000000
178.615674 4.190053 0.000000
178.739697 4.071258 0.000000
178.787157 3.920769 0.000000
178.887877 3.792327 0.000000
178.959900 3.652006 0.000000
179.081706 3.532293 0.000000
179.125895 3.380449 0.000000
179.183391 3.234114 0.000000
179.297056 3.111031 0.000000
179.387197 2.978209 0.000000
179.473340 2.843721 0.000000
179.513631 2.690078 0.000000
179.637684 2.571941 0.000000
179.811081 2.580044 0.000000
179.936700 2.472350 0.000000
180.086184 2.522695 0.000000
