19.204037 -10.040075 0.000000
18.611818 -10.040075 0.000000
18.019598 -10.040075 0.000000
17.427379 -10.040075 0.000000
16.835160 -10.040075 0.000000
16.242940 -10.040075 0.000000
15.650721 -10.040075 0.000000
15.058501 -10.040075 0.000000
14.466282 -10.040075 0.000000
13.874063 -10.040075 0.000000
13.281843 -10.040075 0.000000
12.689624 -10.040075 0.000000
12.097405 -10.040075 0.000000
11.505185 -10.040075 0.000000
10.912966 -10.040075 0.000000
10.320747 -10.040075 0.000000
9.728527 -10.040075 0.000000
9.136308 -10.040075 0.000000
8.544088 -10.040075 0.000000
7.951869 -10.040075 0.000000
7.359650 -10.040075 0.000000
6.767430 -10.040075 0.000000
6.175211 -10.040075 0.000000
5.582992 -10.040075 0.000000
4.990772 -10.040075 0.000000
4.398553 -10.040075 0.000000
3.806333 -10.040075 0.000000
3.214114 -10.040075 0.000000
2.621895 -10.040075 0.000000
2.029675 -10.040075 0.000000
1.437456 -10.040075 0.000000
0.845237 -10.040075 0.000000
0.252932 -10.040484 0.000000
-0.050099 -9.721436 0.000000
-0.049810 -9.129157 0.000000
-0.049810 -8.536937 0.000000
-0.049810 -7.944718 0.000000
-0.049810 -7.352498 0.000000
-0.049810 -6.760279 0.000000
-0.049810 -6.168060 0.000000
-0.049810 -5.575840 0.000000
-0.049810 -4.983621 0.000000
-0.049810 -4.391402 0.000000
-0.049810 -3.799182 0.000000
-0.049810 -3.206963 0.000000
-0.049810 -2.614744 0.000000
-0.049810 -2.022524 0.000000
-0.049810 -1.430305 0.000000
-0.049411 -0.837920 0.000000
-0.147063 -0.286158 0.000000
-0.628510 -0.023340 0.000000
-1.048479 0.173151 0.000000
-1.050009 0.765050 0.000000
-1.050010 1.357269 0.000000
-1.050010 1.949488 0.000000
-1.050010 2.541707 0.000000
-1.050010 3.133927 0.000000
-1.050010 3.726146 0.000000
-1.050010 4.318366 0.000000
-1.050010 4.910585 0.000000
-1.050010 5.502804 0.000000
-1.050010 6.095024 0.000000
-1.050010 6.687243 0.000000
-1.050010 7.279462 0.000000
-1.050010 7.871682 0.000000
-1.050010 8.463901 0.000000
-1.050010 9.056121 0.000000
-1.050010 9.648340 0.000000
-1.050010 10.240559 0.000000
-1.050010 10.832779 0.000000
-1.050010 11.424998 0.000000
-1.050010 12.017217 0.000000
-1.050010 12.609437 0.000000
-1.050010 13.201656 0.000000
-1.050010 13.793875 0.000000
-1.050010 14.386095 0.000000
-1.050010 14.978314 0.000000
-1.050010 15.570534 0.000000
-1.050010 16.162753 0.000000
-1.050010 16.754972 0.000000
-1.050010 17.347192 0.000000
-1.050010 17.939411 0.000000
-1.050010 18.531630 0.000000
-1.050010 19.123850 0.000000
-1.050010 19.716069 0.000000
-1.050010 20.308289 0.000000
-1.050010 20.900508 0.000000
-1.050010 21.492727 0.000000
-1.050010 22.084947 0.000000
-1.050010 22.677166 0.000000
-1.050010 23.269385 0.000000
-1.050010 23.861605 0.000000
-1.050010 24.453824 0.000000
-1.050010 25.046044 0.000000
-1.050010 25.638263 0.000000
-1.050010 26.230482 0.000000
-1.050010 26.822702 0.000000
-1.050010 27.414921 0.000000
-1.050010 28.007140 0.000000
-1.050010 28.599360 0.000000
-1.050010 29.191579 0.000000
-1.050010 29.783798 0.000000
-1.050010 30.376018 0.000000
-1.050010 30.968237 0.000000
-1.050010 31.560457 0.000000
-1.050010 32.152676 0.000000
-1.050010 32.744895 0.000000
-1.050010 33.337115 0.000000
-1.050010 33.929334 0.000000
-1.050010 34.521553 0.000000
-1.050010 35.113773 0.000000
-1.050010 35.705992 0.000000
-1.050010 36.298212 0.000000
-1.050010 36.890431 0.000000
-1.050010 37.482650 0.000000
-1.050010 38.074870 0.000000
-1.050010 38.667089 0.000000
-1.050010 39.259308 0.000000
-1.050010 39.851528 0.000000
-1.050010 40.443747 0.000000
-1.050010 41.035966 0.000000
-1.050010 41.628186 0.000000
-1.050010 42.220405 0.000000
-1.050010 42.812625 0.000000
-1.050010 43.404844 0.000000
-1.050010 43.997063 0.000000
-1.050010 44.589283 0.000000
-1.050010 45.181502 0.000000
-1.050010 45.773721 0.000000
-1.050010 46.365941 0.000000
-1.050010 46.958160 0.000000
-1.050010 47.550380 0.000000
-1.050010 48.142599 0.000000
-1.050010 48.734818 0.000000
-1.050012 49.327038 0.000000
-1.055794 49.920470 0.000000
-0.550578 50.070136 0.000000
-0.151514 50.380047 0.000000
-0.049915 50.930216 0.000000
-0.049810 51.522392 0.000000
-0.050181 52.114688 0.000000
0.262837 52.423758 0.000000
0.855319 52.422956 0.000000
1.405803 52.523658 0.000000
1.998071 52.523539 0.000000
2.549510 52.621935 0.000000
3.140988 52.623724 0.000000
3.691311 52.724812 0.000000
4.283981 52.723726 0.000000
4.876213 52.723694 0.000000
5.424432 52.829859 0.000000
6.019151 52.823828 0.000000
6.611374 52.823821 0.000000
7.172037 52.899959 0.000000
7.754326 52.923920 0.000000
8.346542 52.923928 0.000000
8.938758 52.923935 0.000000
9.524306 52.940033 0.000000
10.081707 53.024044 0.000000
10.673932 53.024030 0.000000
11.266152 53.024028 0.000000
11.861063 53.017533 0.000000
12.409098 53.124143 0.000000
13.001322 53.124132 0.000000
13.593541 53.124132 0.000000
14.185221 53.125434 0.000000
14.736545 53.224108 0.000000
15.328712 53.224234 0.000000
15.920931 53.224234 0.000000
16.513151 53.224234 0.000000
17.105349 53.224284 0.000000
17.655924 53.324765 0.000000
18.248321 53.324336 0.000000
18.840541 53.324335 0.000000
19.432760 53.324335 0.000000
20.025059 53.324142 0.000000
20.576133 53.423420 0.000000
21.167931 53.424437 0.000000
21.760150 53.424437 0.000000
22.352369 53.424437 0.000000
22.944589 53.424437 0.000000
23.536774 53.424519 0.000000
24.086619 53.526762 0.000000
24.679759 53.524540 0.000000
25.271979 53.524539 0.000000
25.864198 53.524539 0.000000
26.456417 53.524539 0.000000
27.048649 53.524510 0.000000
27.600502 53.621906 0.000000
28.191589 53.624638 0.000000
28.783807 53.624641 0.000000
29.376027 53.624643 0.000000
29.969701 53.631021 0.000000
30.256447 53.173950 0.000000
30.786817 53.024719 0.000000
31.378751 53.024030 0.000000
31.970970 53.024030 0.000000
32.563190 53.024030 0.000000
33.155409 53.024030 0.000000
33.747628 53.024030 0.000000
34.339848 53.024030 0.000000
34.932067 53.024030 0.000000
35.524287 53.024030 0.000000
36.116506 53.024030 0.000000
36.708725 53.024030 0.000000
37.300945 53.024030 0.000000
37.893164 53.024030 0.000000
38.485383 53.024030 0.000000
39.077603 53.024030 0.000000
39.669822 53.024030 0.000000
40.262041 53.024030 0.000000
40.854261 53.024030 0.000000
41.446480 53.024030 0.000000
42.038700 53.024030 0.000000
42.630919 53.024030 0.000000
43.223138 53.024030 0.000000
43.815358 53.024030 0.000000
44.407577 53.024030 0.000000
44.999796 53.024030 0.000000
45.592016 53.024030 0.000000
46.184235 53.024030 0.000000
46.776455 53.024030 0.000000
47.368674 53.024030 0.000000
47.960893 53.024030 0.000000
48.553113 53.024030 0.000000
49.145332 53.024030 0.000000
49.737551 53.024030 0.000000
50.329771 53.024030 0.000000
50.921990 53.024030 0.000000
51.514209 53.024030 0.000000
52.106429 53.024030 0.000000
52.698648 53.024030 0.000000
53.290868 53.024030 0.000000
53.883087 53.024030 0.000000
54.475306 53.024030 0.000000
55.067526 53.024030 0.000000
55.659745 53.024030 0.000000
56.251964 53.024030 0.000000
56.844184 53.024028 0.000000
57.437752 53.020776 0.000000
57.987161 53.124069 0.000000
58.579354 53.124132 0.000000
59.171574 53.124132 0.000000
59.763793 53.124132 0.000000
60.356013 53.124132 0.000000
60.948232 53.124132 0.000000
61.540451 53.124132 0.000000
62.132671 53.124132 0.000000
62.724890 53.124132 0.000000
63.317109 53.124132 0.000000
63.909329 53.124132 0.000000
64.501548 53.124132 0.000000
65.093768 53.124132 0.000000
65.685987 53.124132 0.000000
66.278206 53.124132 0.000000
66.870426 53.124132 0.000000
67.462645 53.124132 0.000000
68.054864 53.124132 0.000000
68.647084 53.124132 0.000000
69.239303 53.124132 0.000000
69.831522 53.124132 0.000000
70.423742 53.124132 0.000000
71.015961 53.124132 0.000000
71.608181 53.124132 0.000000
72.200400 53.124132 0.000000
72.792619 53.124132 0.000000
73.384839 53.124132 0.000000
73.977058 53.124132 0.000000
74.569277 53.124132 0.000000
75.161497 53.124132 0.000000
75.753716 53.124132 0.000000
76.345936 53.124132 0.000000
76.938155 53.124132 0.000000
77.530374 53.124132 0.000000
78.122594 53.124132 0.000000
78.714813 53.124132 0.000000
79.307032 53.124132 0.000000
79.899252 53.124132 0.000000
80.491471 53.124132 0.000000
81.083690 53.124132 0.000000
81.675910 53.124132 0.000000
82.268129 53.124132 0.000000
82.860349 53.124132 0.000000
83.452568 53.124132 0.000000
84.044787 53.124132 0.000000
84.637007 53.124132 0.000000
85.229226 53.124132 0.000000
85.821445 53.124132 0.000000
86.413665 53.124132 0.000000
87.005884 53.124132 0.000000
87.598104 53.124132 0.000000
88.190323 53.124132 0.000000
88.782542 53.124132 0.000000
89.374762 53.124134 0.000000
89.968198 53.129944 0.000000
90.068340 52.603876 0.000000
90.164103 52.051338 0.000000
90.587315 51.748398 0.000000
91.155317 51.755464 0.000000
91.719623 51.822808 0.000000
92.311842 51.822809 0.000000
92.904062 51.822809 0.000000
93.496281 51.822809 0.000000
94.088500 51.822809 0.000000
94.680720 51.822809 0.000000
95.272939 51.822809 0.000000
95.865159 51.822809 0.000000
96.457378 51.822809 0.000000
97.049597 51.822809 0.000000
97.641817 51.822808 0.000000
98.234768 51.821043 0.000000
98.784805 51.922821 0.000000
99.376987 51.922911 0.000000
99.969207 51.922911 0.000000
100.561426 51.922911 0.000000
101.153645 51.922911 0.000000
101.745865 51.922911 0.000000
102.338084 51.922911 0.000000
102.930304 51.922911 0.000000
103.522523 51.922911 0.000000
104.114742 51.922911 0.000000
104.706962 51.922911 0.000000
105.299181 51.922911 0.000000
105.891400 51.922911 0.000000
106.483817 51.922435 0.000000
107.034235 52.023295 0.000000
107.626571 52.023013 0.000000
108.218790 52.023013 0.000000
108.811010 52.023013 0.000000
109.403229 52.023013 0.000000
109.995449 52.023013 0.000000
110.587668 52.023013 0.000000
111.179887 52.023013 0.000000
111.772107 52.023013 0.000000
112.364326 52.023013 0.000000
112.956545 52.023013 0.000000
113.548765 52.023013 0.000000
114.140984 52.023013 0.000000
114.733203 52.023013 0.000000
115.325423 52.023013 0.000000
115.917646 52.023002 0.000000
116.465694 52.129582 0.000000
117.060592 52.123117 0.000000
117.652813 52.123114 0.000000
118.245032 52.123114 0.000000
118.837252 52.123114 0.000000
119.429471 52.123114 0.000000
120.021690 52.123114 0.000000
120.613910 52.123114 0.000000
121.206129 52.123114 0.000000
121.798348 52.123114 0.000000
122.390568 52.123114 0.000000
122.982787 52.123114 0.000000
123.575007 52.123114 0.000000
124.167226 52.123114 0.000000
124.759445 52.123114 0.000000
125.351665 52.123114 0.000000
125.943884 52.123114 0.000000
126.536103 52.123116 0.000000
127.127863 52.124223 0.000000
127.679042 52.223246 0.000000
128.271274 52.223216 0.000000
128.863493 52.223216 0.000000
129.455713 52.223216 0.000000
130.047932 52.223216 0.000000
130.640151 52.223216 0.000000
131.232371 52.223216 0.000000
131.824590 52.223216 0.000000
132.416810 52.223216 0.000000
133.009029 52.223216 0.000000
133.601248 52.223216 0.000000
134.193468 52.223216 0.000000
134.785687 52.223216 0.000000
135.377906 52.223216 0.000000
135.970126 52.223216 0.000000
136.562345 52.223216 0.000000
137.154565 52.223216 0.000000
137.746784 52.223216 0.000000
138.339003 52.223216 0.000000
138.931183 52.223312 0.000000
139.481780 52.323739 0.000000
140.074174 52.323318 0.000000
140.666393 52.323318 0.000000
141.258613 52.323318 0.000000
141.850832 52.323318 0.000000
142.443051 52.323318 0.000000
143.035271 52.323318 0.000000
143.627490 52.323318 0.000000
144.219710 52.323318 0.000000
144.811929 52.323318 0.000000
145.404148 52.323318 0.000000
145.996368 52.323318 0.000000
146.588587 52.323318 0.000000
147.180806 52.323318 0.000000
147.773026 52.323318 0.000000
148.365245 52.323318 0.000000
148.957464 52.323318 0.000000
149.549686 52.323330 0.000000
150.086495 52.233611 0.000000
150.098992 51.647859 0.000000
150.398742 51.216472 0.000000
150.951925 51.122404 0.000000
151.502941 51.022988 0.000000
152.094749 51.021995 0.000000
152.686968 51.021995 0.000000
153.279187 51.021995 0.000000
153.871407 51.021995 0.000000
154.463626 51.021995 0.000000
155.055846 51.021995 0.000000
155.648065 51.021995 0.000000
156.240284 51.021995 0.000000
156.832504 51.021995 0.000000
157.424723 51.021995 0.000000
158.016942 51.021995 0.000000
158.609162 51.021995 0.000000
159.201381 51.021995 0.000000
159.793600 51.021995 0.000000
160.385820 51.021995 0.000000
160.978039 51.021995 0.000000
161.570259 51.021995 0.000000
162.162478 51.021995 0.000000
162.754697 51.021995 0.000000
163.346917 51.021995 0.000000
163.939136 51.021995 0.000000
164.531355 51.021995 0.000000
165.123575 51.021995 0.000000
165.715794 51.021995 0.000000
166.308014 51.021995 0.000000
166.900233 51.021995 0.000000
167.492452 51.021995 0.000000
168.084672 51.021995 0.000000
168.676891 51.021995 0.000000
169.269110 51.021995 0.000000
169.861330 51.021995 0.000000
170.453549 51.021995 0.000000
171.045768 51.021995 0.000000
171.637988 51.021995 0.000000
172.230207 51.021995 0.000000
172.822427 51.021995 0.000000
173.414646 51.021995 0.000000
174.006865 51.021995 0.000000
174.599085 51.021995 0.000000
175.191304 51.021995 0.000000
175.783523 51.021995 0.000000
176.375743 51.021995 0.000000
176.967962 51.021995 0.000000
177.560182 51.021995 0.000000
178.152401 51.021995 0.000000
178.744620 51.021995 0.000000
179.336840 51.021995 0.000000
179.929059 51.021995 0.000000
180.521278 51.021995 0.000000
181.113498 51.021995 0.000000
181.705717 51.021995 0.000000
182.297937 51.021995 0.000000
182.890156 51.021995 0.000000
183.482375 51.021995 0.000000
184.074595 51.021995 0.000000
184.666814 51.021995 0.000000
185.259033 51.021995 0.000000
185.851253 51.021995 0.000000
186.443472 51.021995 0.000000
187.035691 51.021995 0.000000
187.627911 51.021995 0.000000
188.220130 51.021995 0.000000
188.812350 51.021995 0.000000
189.404569 51.021995 0.000000
189.996788 51.021995 0.000000
190.589008 51.021995 0.000000
191.181227 51.021995 0.000000
191.773446 51.021995 0.000000
192.365666 51.021995 0.000000
192.957885 51.021995 0.000000
193.550105 51.021995 0.000000
194.142324 51.021995 0.000000
194.734543 51.021995 0.000000
195.326763 51.021995 0.000000
195.918982 51.021995 0.000000
196.511201 51.021995 0.000000
197.103421 51.021995 0.000000
197.695640 51.021995 0.000000
198.287859 51.021995 0.000000
198.880079 51.021995 0.000000
199.472298 51.021995 0.000000
200.064518 51.021995 0.000000
200.656737 51.021995 0.000000
201.248956 51.021995 0.000000
201.841176 51.021995 0.000000
202.433395 51.021995 0.000000
203.025614 51.021995 0.000000
203.617834 51.021995 0.000000
204.210053 51.021995 0.000000
204.802273 51.021995 0.000000
205.394492 51.021995 0.000000
205.986711 51.021995 0.000000
206.578931 51.021995 0.000000
207.171150 51.021995 0.000000
207.763369 51.021995 0.000000
208.355589 51.021995 0.000000
208.947808 51.021995 0.000000
209.540027 51.021994 0.000000
210.097793 50.953922 0.000000
210.396702 50.513936 0.000000
210.890893 50.475792 0.000000
211.170850 49.998551 0.000000
211.443846 49.519344 0.000000
211.719244 49.041132 0.000000
211.997416 48.564069 0.000000
212.276112 48.087223 0.000000
212.621109 47.633959 0.000000
212.926565 47.230666 0.000000
213.277467 46.784728 0.000000
213.590079 46.379529 0.000000
213.891864 45.912349 0.000000
214.236086 45.521182 0.000000
214.510107 45.042329 0.000000
214.892638 44.667058 0.000000
215.191458 44.198581 0.000000
215.547235 43.813460 0.000000
215.821700 43.333663 0.000000
216.180333 42.911427 0.000000
216.478575 42.479769 0.000000
216.755731 42.002284 0.000000
217.029373 41.523346 0.000000
217.379926 41.077228 0.000000
217.691185 40.671500 0.000000
217.992343 40.204064 0.000000
218.339037 39.813900 0.000000
218.611514 39.334443 0.000000
218.894081 38.859199 0.000000
219.191484 38.390105 0.000000
219.595632 38.022129 0.000000
219.895066 37.555537 0.000000
220.178093 37.080484 0.000000
220.451658 36.601513 0.000000
220.725789 36.118952 0.000000
221.032094 35.715972 0.000000
221.382208 35.268693 0.000000
221.660314 34.791602 0.000000
221.934448 34.312662 0.000000
222.297071 33.929408 0.000000
222.592564 33.459486 0.000000
222.872725 32.983246 0.000000
223.144395 32.503490 0.000000
223.516303 32.124089 0.000000
223.796690 31.647700 0.000000
224.092593 31.177977 0.000000
224.396896 30.711729 0.000000
224.723392 30.303253 0.000000
225.006230 29.838155 0.000000
225.285002 29.361340 0.000000
225.562695 28.884078 0.000000
225.908196 28.432755 0.000000
226.210859 28.026572 0.000000
226.494300 27.551695 0.000000
226.793180 27.083205 0.000000
227.097651 26.617028 0.000000
227.395201 26.147987 0.000000
227.677342 25.672548 0.000000
227.992838 25.268781 0.000000
228.296937 24.803239 0.000000
228.599627 24.336325 0.000000
228.893338 23.865695 0.000000
229.197190 23.399262 0.000000
229.498779 22.931892 0.000000
229.795358 22.492354 0.000000
230.089096 22.050445 0.000000
230.367085 21.573305 0.000000
230.642070 21.094923 0.000000
230.990780 20.647635 0.000000
231.296655 20.240079 0.000000
231.593663 19.770814 0.000000
231.898097 19.304623 0.000000
232.197445 18.836325 0.000000
232.481751 18.361801 0.000000
232.754975 17.882685 0.000000
233.096818 17.489011 0.000000
233.399779 17.023797 0.000000
233.688609 16.551146 0.000000
233.964335 16.073070 0.000000
234.300166 15.619876 0.000000
234.590294 15.147763 0.000000
234.866631 14.669940 0.000000
235.139774 14.190794 0.000000
235.416044 13.709822 0.000000
235.719922 13.305132 0.000000
235.999365 12.828599 0.000000
236.294290 12.358471 0.000000
236.598426 11.892156 0.000000
236.899278 11.424482 0.000000
237.181168 10.949032 0.000000
237.560196 10.572202 0.000000
237.830850 10.092085 0.000000
238.106459 9.613960 0.000000
238.395503 9.141398 0.000000
238.697665 8.674266 0.000000
239.001201 8.207702 0.000000
239.307146 7.778759 0.000000
239.597169 7.328593 0.000000
239.875609 6.851641 0.000000
240.151696 6.373714 0.000000
240.499062 5.925296 0.000000
240.777563 5.448369 0.000000
241.053918 4.970553 0.000000
241.326939 4.491357 0.000000
241.603939 4.013704 0.000000
241.989732 3.639869 0.000000
242.265308 3.161774 0.000000
242.535927 2.681584 0.000000
242.810284 2.202941 0.000000
243.025991 1.768668 0.000000
242.525384 1.554974 0.000000
242.050417 1.272066 0.000000
241.581866 0.973676 0.000000
241.116073 0.668633 0.000000
240.647526 0.370233 0.000000
240.189928 0.084271 0.000000
240.098079 -0.469805 0.000000
240.038395 -1.034130 0.000000
239.445502 -1.030918 0.000000
238.853284 -1.030920 0.000000
238.287451 -1.094586 0.000000
237.781851 -1.303582 0.000000
237.302076 -1.574890 0.000000
236.898581 -1.717973 0.000000
236.577798 -1.261186 0.000000
236.082856 -1.026426 0.000000
235.488776 -1.030915 0.000000
234.896556 -1.030917 0.000000
234.304337 -1.030917 0.000000
233.712117 -1.030917 0.000000
233.119898 -1.030917 0.000000
232.527679 -1.030917 0.000000
231.935459 -1.030917 0.000000
231.343240 -1.030917 0.000000
230.751021 -1.030917 0.000000
230.158801 -1.030917 0.000000
229.566582 -1.030917 0.000000
228.974362 -1.030917 0.000000
228.382143 -1.030917 0.000000
227.789924 -1.030917 0.000000
227.197704 -1.030917 0.000000
226.605485 -1.030917 0.000000
226.013266 -1.030917 0.000000
225.421046 -1.030917 0.000000
224.828827 -1.030917 0.000000
224.236607 -1.030917 0.000000
223.644388 -1.030917 0.000000
223.052169 -1.030917 0.000000
222.459949 -1.030917 0.000000
221.867730 -1.030917 0.000000
221.275511 -1.030917 0.000000
220.683291 -1.030917 0.000000
220.091072 -1.030917 0.000000
219.498853 -1.030917 0.000000
218.906633 -1.030917 0.000000
218.314414 -1.030917 0.000000
217.722194 -1.030917 0.000000
217.129975 -1.030917 0.000000
216.537756 -1.030917 0.000000
215.945536 -1.030917 0.000000
215.353317 -1.030917 0.000000
214.761098 -1.030917 0.000000
214.168878 -1.030917 0.000000
213.576659 -1.030917 0.000000
212.984439 -1.030917 0.000000
212.392220 -1.030917 0.000000
211.800001 -1.030917 0.000000
211.207781 -1.030917 0.000000
210.615562 -1.030917 0.000000
210.023343 -1.030917 0.000000
209.431123 -1.030917 0.000000
208.838904 -1.030917 0.000000
208.246684 -1.030917 0.000000
207.654465 -1.030917 0.000000
207.062246 -1.030917 0.000000
206.470026 -1.030917 0.000000
205.877807 -1.030917 0.000000
205.285588 -1.030917 0.000000
204.693368 -1.030917 0.000000
204.101149 -1.030917 0.000000
203.508930 -1.030917 0.000000
202.916710 -1.030917 0.000000
202.324491 -1.030917 0.000000
201.732271 -1.030917 0.000000
201.140052 -1.030917 0.000000
200.547833 -1.030917 0.000000
199.955613 -1.030917 0.000000
199.363394 -1.030917 0.000000
198.771175 -1.030917 0.000000
198.178955 -1.030917 0.000000
197.586736 -1.030917 0.000000
196.994516 -1.030917 0.000000
196.402297 -1.030917 0.000000
195.810078 -1.030917 0.000000
195.217858 -1.030917 0.000000
194.625639 -1.030917 0.000000
194.033420 -1.030917 0.000000
193.441200 -1.030917 0.000000
192.848981 -1.030917 0.000000
192.256762 -1.030917 0.000000
191.664542 -1.030917 0.000000
191.072323 -1.030917 0.000000
190.480103 -1.030917 0.000000
189.887884 -1.030917 0.000000
189.295665 -1.030917 0.000000
188.703445 -1.030917 0.000000
188.111226 -1.030917 0.000000
187.519007 -1.030917 0.000000
186.926787 -1.030917 0.000000
186.334568 -1.030917 0.000000
185.742348 -1.030917 0.000000
185.150129 -1.030917 0.000000
184.557910 -1.030917 0.000000
183.965690 -1.030917 0.000000
183.373471 -1.030917 0.000000
182.781252 -1.030917 0.000000
182.189032 -1.030917 0.000000
181.596813 -1.030917 0.000000
181.004627 -1.030999 0.000000
180.455352 -1.134618 0.000000
180.090242 -1.503252 0.000000
179.594096 -1.631560 0.000000
179.001869 -1.631528 0.000000
178.409650 -1.631528 0.000000
177.817431 -1.631528 0.000000
177.225211 -1.631528 0.000000
176.632992 -1.631528 0.000000
176.040773 -1.631528 0.000000
175.448553 -1.631528 0.000000
174.856334 -1.631528 0.000000
174.264114 -1.631528 0.000000
173.671895 -1.631528 0.000000
173.079676 -1.631528 0.000000
172.487456 -1.631528 0.000000
171.895237 -1.631528 0.000000
171.303018 -1.631528 0.000000
170.710798 -1.631528 0.000000
170.118579 -1.631528 0.000000
169.526459 -1.631769 0.000000
168.975789 -1.732019 0.000000
168.383408 -1.731630 0.000000
167.791189 -1.731629 0.000000
167.198969 -1.731629 0.000000
166.606750 -1.731629 0.000000
166.014531 -1.731629 0.000000
165.422311 -1.731629 0.000000
164.830092 -1.731629 0.000000
164.237873 -1.731629 0.000000
163.645653 -1.731629 0.000000
163.053434 -1.731629 0.000000
162.461215 -1.731629 0.000000
161.868995 -1.731629 0.000000
161.276776 -1.731629 0.000000
160.684556 -1.731629 0.000000
160.092337 -1.731629 0.000000
159.500118 -1.731629 0.000000
158.907898 -1.731629 0.000000
158.315679 -1.731629 0.000000
157.723460 -1.731629 0.000000
157.131240 -1.731629 0.000000
156.539021 -1.731629 0.000000
155.946801 -1.731629 0.000000
155.354582 -1.731629 0.000000
154.762363 -1.731629 0.000000
154.170143 -1.731629 0.000000
153.577924 -1.731629 0.000000
152.985705 -1.731629 0.000000
152.393485 -1.731629 0.000000
151.801258 -1.731609 0.000000
151.246264 -1.821429 0.000000
150.658313 -1.831726 0.000000
150.066095 -1.831731 0.000000
149.473876 -1.831731 0.000000
148.881657 -1.831731 0.000000
148.289437 -1.831731 0.000000
147.697218 -1.831731 0.000000
147.104998 -1.831731 0.000000
146.512779 -1.831731 0.000000
145.920560 -1.831731 0.000000
145.328340 -1.831731 0.000000
144.736121 -1.831731 0.000000
144.143902 -1.831731 0.000000
143.551682 -1.831731 0.000000
142.959463 -1.831731 0.000000
142.367243 -1.831731 0.000000
141.775024 -1.831731 0.000000
141.182805 -1.831731 0.000000
140.590585 -1.831731 0.000000
139.998366 -1.831731 0.000000
139.406147 -1.831731 0.000000
138.813927 -1.831731 0.000000
138.221708 -1.831731 0.000000
137.629489 -1.831731 0.000000
137.037269 -1.831731 0.000000
136.445050 -1.831731 0.000000
135.852830 -1.831731 0.000000
135.260611 -1.831731 0.000000
134.668392 -1.831731 0.000000
134.076172 -1.831731 0.000000
133.483953 -1.831731 0.000000
132.891734 -1.831732 0.000000
132.299913 -1.832693 0.000000
131.748869 -1.932041 0.000000
131.156563 -1.931833 0.000000
130.564344 -1.931833 0.000000
129.972124 -1.931833 0.000000
129.379905 -1.931833 0.000000
128.787685 -1.931833 0.000000
128.195466 -1.931833 0.000000
127.603247 -1.931833 0.000000
127.011027 -1.931833 0.000000
126.418808 -1.931833 0.000000
125.826589 -1.931833 0.000000
125.234369 -1.931833 0.000000
124.642150 -1.931833 0.000000
124.049930 -1.931833 0.000000
123.457711 -1.931833 0.000000
122.865492 -1.931833 0.000000
122.273272 -1.931833 0.000000
121.681053 -1.931833 0.000000
121.088824 -1.931809 0.000000
120.535280 -2.025119 0.000000
120.181956 -2.351379 0.000000
119.979890 -2.838886 0.000000
119.386405 -2.832726 0.000000
118.833424 -2.927401 0.000000
118.243462 -2.932847 0.000000
117.651244 -2.932851 0.000000
117.059025 -2.932851 0.000000
116.466805 -2.932851 0.000000
115.874586 -2.932851 0.000000
115.282367 -2.932851 0.000000
114.690147 -2.932851 0.000000
114.097928 -2.932851 0.000000
113.505709 -2.932851 0.000000
112.913489 -2.932851 0.000000
112.321270 -2.932851 0.000000
111.729050 -2.932851 0.000000
111.136830 -2.932849 0.000000
110.542270 -2.927201 0.000000
109.993893 -3.032985 0.000000
109.401660 -3.032952 0.000000
108.809441 -3.032952 0.000000
108.217222 -3.032952 0.000000
107.625002 -3.032952 0.000000
107.032783 -3.032952 0.000000
106.440564 -3.032952 0.000000
105.848344 -3.032952 0.000000
105.256125 -3.032952 0.000000
104.663906 -3.032952 0.000000
104.071686 -3.032952 0.000000
103.479467 -3.032952 0.000000
102.887247 -3.032952 0.000000
102.295028 -3.032952 0.000000
101.702809 -3.032953 0.000000
101.110719 -3.033266 0.000000
100.560012 -3.133427 0.000000
99.967638 -3.133054 0.000000
99.375419 -3.133054 0.000000
98.783199 -3.133054 0.000000
98.190980 -3.133054 0.000000
97.598761 -3.133054 0.000000
97.006541 -3.133054 0.000000
96.414322 -3.133054 0.000000
95.822102 -3.133054 0.000000
95.229883 -3.133054 0.000000
94.637664 -3.133054 0.000000
94.045444 -3.133054 0.000000
93.453225 -3.133054 0.000000
92.861006 -3.133054 0.000000
92.268786 -3.133054 0.000000
91.676610 -3.133159 0.000000
91.126193 -3.234019 0.000000
90.533616 -3.233157 0.000000
89.941396 -3.233156 0.000000
89.349177 -3.233156 0.000000
88.756957 -3.233156 0.000000
88.164738 -3.233156 0.000000
87.572519 -3.233156 0.000000
86.980299 -3.233156 0.000000
86.388080 -3.233156 0.000000
85.795861 -3.233156 0.000000
85.203641 -3.233156 0.000000
84.611422 -3.233156 0.000000
84.019203 -3.233156 0.000000
83.426983 -3.233156 0.000000
82.834764 -3.233156 0.000000
82.242544 -3.233156 0.000000
81.650325 -3.233156 0.000000
81.058109 -3.233165 0.000000
80.479433 -3.265841 0.000000
79.915154 -3.333257 0.000000
79.322935 -3.333258 0.000000
78.730716 -3.333258 0.000000
78.138496 -3.333258 0.000000
77.546277 -3.333258 0.000000
76.954058 -3.333258 0.000000
76.361838 -3.333258 0.000000
75.769619 -3.333258 0.000000
75.177399 -3.333258 0.000000
74.585180 -3.333258 0.000000
73.992961 -3.333258 0.000000
73.400741 -3.333258 0.000000
72.808522 -3.333258 0.000000
72.216303 -3.333258 0.000000
71.624083 -3.333258 0.000000
71.031864 -3.333258 0.000000
70.439645 -3.333258 0.000000
69.848151 -3.335010 0.000000
69.296654 -3.433266 0.000000
68.704474 -3.433359 0.000000
68.112254 -3.433359 0.000000
67.520035 -3.433359 0.000000
66.927816 -3.433359 0.000000
66.335596 -3.433359 0.000000
65.743377 -3.433359 0.000000
65.151158 -3.433359 0.000000
64.558938 -3.433359 0.000000
63.966719 -3.433359 0.000000
63.374500 -3.433359 0.000000
62.782280 -3.433359 0.000000
62.190061 -3.433359 0.000000
61.597841 -3.433359 0.000000
61.005628 -3.433374 0.000000
60.457889 -3.540748 0.000000
60.139858 -3.911678 0.000000
60.061192 -4.471535 0.000000
59.603481 -4.634521 0.000000
59.049329 -4.726363 0.000000
58.543651 -4.935172 0.000000
57.995194 -5.040763 0.000000
57.482819 -5.233414 0.000000
56.890247 -5.232563 0.000000
56.384733 -5.441766 0.000000
55.788710 -5.432590 0.000000
55.289180 -5.656232 0.000000
54.729943 -5.735812 0.000000
54.176718 -5.829899 0.000000
53.628404 -5.935835 0.000000
53.080859 -6.043625 0.000000
52.527033 -6.136261 0.000000
51.957304 -6.190528 0.000000
51.425294 -6.335802 0.000000
50.830900 -6.330555 0.000000
50.324752 -6.538230 0.000000
49.732443 -6.538013 0.000000
49.220128 -6.730807 0.000000
48.630195 -6.736325 0.000000
48.086795 -6.854116 0.000000
47.528899 -6.936932 0.000000
46.934119 -6.930754 0.000000
46.385980 -7.037112 0.000000
45.837272 -7.142098 0.000000
45.284424 -7.237094 0.000000
44.728165 -7.323859 0.000000
44.183197 -7.437867 0.000000
43.590727 -7.437263 0.000000
43.039601 -7.536415 0.000000
42.445088 -7.530880 0.000000
41.940262 -7.741745 0.000000
41.346367 -7.737702 0.000000
40.797272 -7.841753 0.000000
40.203490 -7.837982 0.000000
39.668037 -7.974950 0.000000
39.101965 -8.038038 0.000000
38.509457 -8.037342 0.000000
37.959027 -8.138172 0.000000
37.364583 -8.132804 0.000000
36.816049 -8.238210 0.000000
36.268620 -8.346281 0.000000
35.714624 -8.438508 0.000000
35.122247 -8.438127 0.000000
34.571844 -8.539022 0.000000
33.979320 -8.538287 0.000000
33.428380 -8.637887 0.000000
32.833827 -8.632254 0.000000
32.328342 -8.841531 0.000000
31.735001 -8.838823 0.000000
31.186614 -8.944582 0.000000
30.592059 -8.938948 0.000000
30.032782 -9.018432 0.000000
29.449112 -9.039059 0.000000
28.869988 -9.070657 0.000000
28.306161 -9.139162 0.000000
27.752217 -9.231513 0.000000
27.204697 -9.339365 0.000000
26.612742 -9.340004 0.000000
26.061693 -9.439340 0.000000
25.470052 -9.440734 0.000000
24.918843 -9.539687 0.000000
24.326409 -9.539169 0.000000
23.776030 -9.640122 0.000000
23.183541 -9.639470 0.000000
22.632476 -9.738769 0.000000
22.040724 -9.739896 0.000000
21.489459 -9.838712 0.000000
20.897726 -9.839886 0.000000
20.349282 -9.945507 0.000000
19.754757 -9.939944 0.000000
19.204037 -10.040075 0.000000
