120.174212 2.823000 0.000000
120.319993 2.873784 0.000000
120.468975 2.916843 0.000000
120.586544 3.035608 0.000000
120.703297 3.154058 0.000000
120.772376 3.292286 0.000000
120.872046 3.417853 0.000000
120.915392 3.566737 0.000000
121.036612 3.683383 0.000000
121.078351 3.832932 0.000000
121.175967 3.959349 0.000000
121.248420 4.096183 0.000000
121.368485 4.213307 0.000000
121.408530 4.363557 0.000000
121.471227 4.504430 0.000000
121.576890 4.627516 0.000000
121.677532 4.752680 0.000000
121.746775 4.890843 0.000000
121.784870 5.041901 0.000000
121.905798 5.158667 0.000000
121.972283 5.297972 0.000000
122.073588 5.422862 0.000000
122.118600 5.571056 0.000000
122.239832 5.687697 0.000000
122.280298 5.837773 0.000000
122.375755 5.965084 0.000000
122.451109 6.100717 0.000000
122.570551 6.218099 0.000000
122.611881 6.367817 0.000000
122.671555 6.509941 0.000000
122.779423 6.632114 0.000000
122.877501 6.758340 0.000000
122.949921 6.895189 0.000000
122.987429 7.046489 0.000000
123.108594 7.163157 0.000000
123.172306 7.303610 0.000000
123.274921 7.427958 0.000000
123.321780 7.575387 0.000000
123.443037 7.692018 0.000000
123.482423 7.842541 0.000000
123.575500 7.970837 0.000000
123.653770 8.105263 0.000000
123.772428 8.222969 0.000000
123.815276 8.372059 0.000000
123.872031 8.515392 0.000000
123.981963 8.636711 0.000000
124.077388 8.764035 0.000000
124.152977 8.899570 0.000000
124.190119 9.051022 0.000000
124.311431 9.167630 0.000000
124.372437 9.309203 0.000000
124.476037 9.433143 0.000000
124.524917 9.579736 0.000000
124.646211 9.696351 0.000000
124.684713 9.847240 0.000000
124.775218 9.976601 0.000000
124.856405 10.109819 0.000000
124.974102 10.227924 0.000000
125.018704 10.376287 0.000000
125.072670 10.520774 0.000000
125.184511 10.641303 0.000000
125.277206 10.769757 0.000000
125.355935 10.903994 0.000000
125.392925 11.055508 0.000000
125.514312 11.172085 0.000000
125.572691 11.314745 0.000000
125.676950 11.438412 0.000000
125.728001 11.584107 0.000000
125.849341 11.700703 0.000000
125.887157 11.851875 0.000000
125.974924 11.982370 0.000000
126.059018 12.114385 0.000000
126.175559 12.232968 0.000000
126.222154 12.380507 0.000000
126.273490 12.526082 0.000000
126.387071 12.645891 0.000000
126.476973 12.775501 0.000000
126.558781 12.908463 0.000000
126.595833 13.059952 0.000000
126.717238 13.176521 0.000000
126.773085 13.320229 0.000000
126.877676 13.443759 0.000000
126.931029 13.588500 0.000000
127.052412 13.705079 0.000000
127.089746 13.856451 0.000000
127.174634 13.988137 0.000000
127.261609 14.118960 0.000000
127.376792 14.238105 0.000000
127.425614 14.384721 0.000000
127.474505 14.531310 0.000000
127.589645 14.650472 0.000000
127.676704 14.781260 0.000000
127.761506 14.912982 0.000000
127.798829 15.064359 0.000000
127.920213 15.180937 0.000000
127.973635 15.325649 0.000000
128.078230 15.449177 0.000000
128.134006 15.592915 0.000000
128.255410 15.709485 0.000000
128.292467 15.860972 0.000000
128.374364 15.993897 0.000000
128.464184 16.123541 0.000000
128.577813 16.243330 0.000000
128.629076 16.388936 0.000000
128.675731 16.536449 0.000000
128.792236 16.655047 0.000000
128.876414 16.787028 0.000000
128.964099 16.917556 0.000000
129.001898 17.068736 0.000000
129.123240 17.185331 0.000000
129.174355 17.330998 0.000000
129.278629 17.454660 0.000000
129.336934 17.597351 0.000000
129.458323 17.713927 0.000000
129.495332 17.865434 0.000000
129.574628 17.999435 0.000000
129.670261 18.126673 0.000000
129.709954 18.277069 0.000000
129.780540 18.414676 0.000000
129.804968 18.571391 0.000000
129.925284 18.688411 0.000000
129.974938 18.834683 0.000000
130.078815 18.958508 0.000000
130.138853 19.100482 0.000000
130.260200 19.217076 0.000000
130.297262 19.368561 0.000000
130.374001 19.503620 0.000000
130.468439 19.631353 0.000000
130.579086 19.752376 0.000000
130.634807 19.896137 0.000000
130.678267 20.044973 0.000000
130.796596 20.162816 0.000000
130.875930 20.296801 0.000000
130.968091 20.425477 0.000000
131.007131 20.576143 0.000000
131.128400 20.692768 0.000000
131.175978 20.839900 0.000000
131.278990 20.964084 0.000000
131.341705 21.104949 0.000000
131.462934 21.221591 0.000000
131.500284 21.372957 0.000000
131.573861 21.509326 0.000000
131.670981 21.635948 0.000000
131.779620 21.757802 0.000000
131.838215 21.900373 0.000000
131.880072 22.049873 0.000000
131.999247 22.167366 0.000000
132.075664 22.302559 0.000000
132.170277 22.430219 0.000000
132.210326 22.580468 0.000000
132.331566 22.697105 0.000000
132.377231 22.845029 0.000000
132.479050 22.969706 0.000000
132.544516 23.109432 0.000000
132.665543 23.226158 0.000000
132.703398 23.377315 0.000000
132.773799 23.514999 0.000000
132.873517 23.640546 0.000000
132.980000 23.763292 0.000000
133.041583 23.904626 0.000000
133.082071 24.054693 0.000000
133.201926 24.171904 0.000000
133.275435 24.308301 0.000000
133.372290 24.435033 0.000000
133.413542 24.584784 0.000000
133.534765 24.701428 0.000000
133.578698 24.850069 0.000000
133.679012 24.975369 0.000000
133.747289 25.113932 0.000000
133.868012 25.230784 0.000000
133.906594 25.381639 0.000000
133.973830 25.520633 0.000000
134.076048 25.645145 0.000000
134.180242 25.768840 0.000000
134.244900 25.908900 0.000000
134.284249 26.059439 0.000000
134.404635 26.176430 0.000000
134.475259 26.314021 0.000000
134.574120 26.439923 0.000000
134.616766 26.589097 0.000000
134.737984 26.705743 0.000000
134.780369 26.855025 0.000000
134.878892 26.981066 0.000000
134.950026 27.118447 0.000000
135.070328 27.235472 0.000000
135.109862 27.385934 0.000000
135.173970 27.526223 0.000000
135.278578 27.649745 0.000000
135.380361 27.774438 0.000000
135.448156 27.913200 0.000000
135.486593 28.064116 0.000000
135.607378 28.180942 0.000000
135.675152 28.319713 0.000000
135.775755 28.444893 0.000000
135.819982 28.593413 0.000000
135.941207 28.710056 0.000000
135.982232 28.859901 0.000000
136.078706 28.986791 0.000000
136.152729 29.122975 0.000000
136.272475 29.240231 0.000000
136.313189 29.390204 0.000000
136.374235 29.531760 0.000000
136.481110 29.654344 0.000000
136.580374 29.780079 0.000000
136.651338 29.917530 0.000000
136.689088 30.068730 0.000000
136.810157 30.185439 0.000000
136.875131 30.325369 0.000000
136.977185 30.449949 0.000000
137.023176 30.597738 0.000000
137.144420 30.714373 0.000000
137.184277 30.864702 0.000000
137.278469 30.992536 0.000000
137.355403 31.127515 0.000000
137.474441 31.245065 0.000000
137.516565 31.394454 0.000000
137.574641 31.537240 0.000000
137.683647 31.658942 0.000000
137.780297 31.785759 0.000000
137.854437 31.921894 0.000000
137.891720 32.073288 0.000000
138.012975 32.189919 0.000000
138.075210 32.330983 0.000000
138.178400 32.455093 0.000000
138.226335 32.602077 0.000000
138.347610 32.718700 0.000000
138.386492 32.869432 0.000000
138.478198 32.998296 0.000000
138.558050 33.132067 0.000000
138.676210 33.249980 0.000000
138.719979 33.398688 0.000000
138.775204 33.542654 0.000000
138.886191 33.663536 0.000000
138.980145 33.791469 0.000000
139.057442 33.926298 0.000000
139.094475 34.077795 0.000000
139.215835 34.194383 0.000000
139.275406 34.336550 0.000000
139.379404 34.460325 0.000000
139.429444 34.606438 0.000000
139.550762 34.723043 0.000000
139.588867 34.874096 0.000000
139.677907 35.004064 0.000000
139.760672 35.136629 0.000000
139.877768 35.254982 0.000000
139.923420 35.402911 0.000000
139.975939 35.547997 0.000000
140.088745 35.668126 0.000000
140.179933 35.797204 0.000000
140.260340 35.930746 0.000000
140.297337 36.082257 0.000000
140.418735 36.198830 0.000000
140.475617 36.342110 0.000000
140.581539 36.465089 0.000000
140.571328 36.636143 0.000000
140.679094 36.758359 0.000000
140.781491 36.882797 0.000000
140.848487 37.021890 0.000000
140.887131 37.172720 0.000000
141.007827 37.289583 0.000000
141.076311 37.428060 0.000000
141.176504 37.553411 0.000000
141.220317 37.702101 0.000000
141.341540 37.818745 0.000000
141.382895 37.968453 0.000000
141.480255 38.094977 0.000000
141.557070 38.230005 0.000000
141.593553 38.381730 0.000000
141.685965 38.510301 0.000000
141.690031 38.675446 0.000000
141.809731 38.792721 0.000000
141.876278 38.932000 0.000000
141.977513 39.056919 0.000000
142.022447 39.205145 0.000000
142.143679 39.321786 0.000000
142.184197 39.471840 0.000000
142.279753 39.599110 0.000000
142.354979 39.734796 0.000000
142.474452 39.852166 0.000000
142.515721 40.001909 0.000000
142.575525 40.143979 0.000000
142.683300 40.266191 0.000000
142.781492 40.392370 0.000000
142.853772 40.529276 0.000000
142.891302 40.680567 0.000000
143.012458 40.797239 0.000000
143.076290 40.937642 0.000000
143.178854 41.062011 0.000000
143.225629 41.209475 0.000000
143.346884 41.326106 0.000000
143.386313 41.476612 0.000000
143.479500 41.604863 0.000000
143.557642 41.739342 0.000000
143.676337 41.857032 0.000000
143.719114 42.006152 0.000000
143.775994 42.149433 0.000000
143.885839 42.270788 0.000000
143.981382 42.398063 0.000000
144.056833 42.533656 0.000000
144.093986 42.685103 0.000000
144.215294 42.801713 0.000000
144.276416 42.943237 0.000000
144.379980 43.067192 0.000000
144.428768 43.213823 0.000000
144.550060 43.330439 0.000000
144.588596 43.481314 0.000000
144.679219 43.610626 0.000000
144.760278 43.743898 0.000000
144.878021 43.861983 0.000000
144.922540 44.010381 0.000000
144.976626 44.154818 0.000000
145.088387 44.275380 0.000000
145.181203 44.403784 0.000000
145.259795 44.538077 0.000000
145.296788 44.689591 0.000000
145.418172 44.806169 0.000000
145.476665 44.948782 0.000000
145.580902 45.072458 0.000000
145.631854 45.218193 0.000000
145.753192 45.334790 0.000000
145.791035 45.485952 0.000000
145.878925 45.616395 0.000000
145.962891 45.748463 0.000000
146.079488 45.867023 0.000000
146.125989 46.014600 0.000000
146.177438 46.160130 0.000000
146.290946 46.279968 0.000000
146.380972 46.409527 0.000000
146.462648 46.542543 0.000000
146.499716 46.694026 0.000000
146.621332 46.810505 0.000000
146.682465 46.951960 0.000000
146.712543 47.105562 0.000000
146.723204 47.222608 0.000000
146.680047 47.371159 0.000000
146.630592 47.517523 0.000000
146.508345 47.625479 0.000000
146.337341 47.615212 0.000000
146.215303 47.723290 0.000000
146.046304 47.718050 0.000000
145.879670 47.718517 0.000000
145.712889 47.718631 0.000000
145.546064 47.718638 0.000000
145.379236 47.718637 0.000000
145.212408 47.718637 0.000000
145.045580 47.718637 0.000000
144.878753 47.718637 0.000000
144.711925 47.718637 0.000000
144.545097 47.718637 0.000000
144.378269 47.718637 0.000000
144.211442 47.718637 0.000000
144.044614 47.718637 0.000000
143.877786 47.718637 0.000000
143.710958 47.718637 0.000000
143.544131 47.718637 0.000000
143.377303 47.718637 0.000000
143.210475 47.718637 0.000000
143.043647 47.718637 0.000000
142.876820 47.718637 0.000000
142.709992 47.718637 0.000000
142.543164 47.718637 0.000000
142.376336 47.718637 0.000000
142.209508 47.718637 0.000000
142.042681 47.718637 0.000000
141.875853 47.718637 0.000000
141.709025 47.718637 0.000000
141.542197 47.718637 0.000000
141.375370 47.718637 0.000000
141.208542 47.718637 0.000000
141.041714 47.718637 0.000000
140.874886 47.718637 0.000000
140.708059 47.718637 0.000000
140.541231 47.718637 0.000000
140.374403 47.718637 0.000000
140.207575 47.718637 0.000000
140.040748 47.718637 0.000000
139.873920 47.718637 0.000000
139.707092 47.718637 0.000000
139.540264 47.718637 0.000000
139.373436 47.718637 0.000000
139.206609 47.718637 0.000000
139.039781 47.718637 0.000000
138.872953 47.718637 0.000000
138.706125 47.718637 0.000000
138.539298 47.718637 0.000000
138.372470 47.718637 0.000000
138.205642 47.718637 0.000000
138.038814 47.718637 0.000000
137.871987 47.718637 0.000000
137.705159 47.718637 0.000000
137.538331 47.718637 0.000000
137.371503 47.718637 0.000000
137.204676 47.718637 0.000000
137.037848 47.718637 0.000000
136.871020 47.718637 0.000000
136.704192 47.718637 0.000000
136.537364 47.718637 0.000000
136.370537 47.718637 0.000000
136.203709 47.718637 0.000000
136.036881 47.718637 0.000000
135.870053 47.718637 0.000000
135.703226 47.718637 0.000000
135.536398 47.718637 0.000000
135.369570 47.718637 0.000000
135.202743 47.718637 0.000000
135.035914 47.718636 0.000000
134.869073 47.718603 0.000000
134.702162 47.718402 0.000000
134.535742 47.719387 0.000000
134.384956 47.758093 0.000000
134.244113 47.820788 0.000000
134.076618 47.819179 0.000000
133.909618 47.818764 0.000000
133.742779 47.818736 0.000000
133.575952 47.818738 0.000000
133.409124 47.818739 0.000000
133.242297 47.818739 0.000000
133.075469 47.818739 0.000000
132.908641 47.818739 0.000000
132.741813 47.818739 0.000000
132.574986 47.818739 0.000000
132.408158 47.818739 0.000000
132.241330 47.818739 0.000000
132.074502 47.818739 0.000000
131.907675 47.818739 0.000000
131.740847 47.818739 0.000000
131.574019 47.818739 0.000000
131.407191 47.818739 0.000000
131.240364 47.818739 0.000000
131.073536 47.818739 0.000000
130.906708 47.818739 0.000000
130.739880 47.818739 0.000000
130.573052 47.818739 0.000000
130.406225 47.818739 0.000000
130.239397 47.818739 0.000000
130.072569 47.818739 0.000000
129.905741 47.818739 0.000000
129.738914 47.818739 0.000000
129.572086 47.818739 0.000000
129.405258 47.818739 0.000000
129.238430 47.818739 0.000000
129.071603 47.818739 0.000000
128.904775 47.818739 0.000000
128.737947 47.818739 0.000000
128.571119 47.818739 0.000000
128.404292 47.818739 0.000000
128.237464 47.818739 0.000000
128.070636 47.818739 0.000000
127.903808 47.818739 0.000000
127.736980 47.818739 0.000000
127.570153 47.818739 0.000000
127.403325 47.818739 0.000000
127.236497 47.818739 0.000000
127.069669 47.818739 0.000000
126.902842 47.818739 0.000000
126.736014 47.818739 0.000000
126.569186 47.818739 0.000000
126.402358 47.818739 0.000000
126.235531 47.818739 0.000000
126.068703 47.818739 0.000000
125.901875 47.818739 0.000000
125.735047 47.818739 0.000000
125.568220 47.818739 0.000000
125.401392 47.818739 0.000000
125.234564 47.818739 0.000000
125.067736 47.818739 0.000000
124.900908 47.818739 0.000000
124.734081 47.818739 0.000000
124.567253 47.818739 0.000000
124.400425 47.818739 0.000000
124.233597 47.818739 0.000000
124.066770 47.818739 0.000000
123.899942 47.818739 0.000000
123.733114 47.818739 0.000000
123.566286 47.818739 0.000000
123.399459 47.818739 0.000000
123.232631 47.818739 0.000000
123.065802 47.818736 0.000000
122.898968 47.818721 0.000000
122.732168 47.818788 0.000000
122.566053 47.820507 0.000000
122.404393 47.832977 0.000000
122.275664 47.924902 0.000000
122.106474 47.919202 0.000000
121.939481 47.918805 0.000000
121.772665 47.918832 0.000000
121.605840 47.918840 0.000000
121.439013 47.918841 0.000000
121.272185 47.918841 0.000000
121.105357 47.918841 0.000000
120.938530 47.918841 0.000000
120.771702 47.918841 0.000000
120.604874 47.918841 0.000000
120.438046 47.918841 0.000000
120.271219 47.918841 0.000000
120.104391 47.918841 0.000000
119.937563 47.918841 0.000000
119.770735 47.918841 0.000000
119.603907 47.918841 0.000000
119.437080 47.918841 0.000000
119.270252 47.918841 0.000000
119.103424 47.918841 0.000000
118.936596 47.918841 0.000000
118.769769 47.918841 0.000000
118.602941 47.918841 0.000000
118.436113 47.918841 0.000000
118.269285 47.918841 0.000000
118.102458 47.918841 0.000000
117.935630 47.918841 0.000000
117.768802 47.918841 0.000000
117.601974 47.918841 0.000000
117.435147 47.918841 0.000000
117.268319 47.918841 0.000000
117.101491 47.918841 0.000000
116.934663 47.918841 0.000000
116.767836 47.918841 0.000000
116.601008 47.918841 0.000000
116.434180 47.918841 0.000000
116.267352 47.918841 0.000000
116.100524 47.918841 0.000000
115.933697 47.918841 0.000000
115.766869 47.918841 0.000000
115.600041 47.918841 0.000000
115.433213 47.918841 0.000000
115.266386 47.918841 0.000000
115.099558 47.918841 0.000000
114.932730 47.918841 0.000000
114.765902 47.918841 0.000000
114.599075 47.918841 0.000000
114.432247 47.918841 0.000000
114.265419 47.918841 0.000000
114.098591 47.918841 0.000000
113.931764 47.918841 0.000000
113.764936 47.918841 0.000000
113.598108 47.918841 0.000000
113.431280 47.918840 0.000000
113.264438 47.918807 0.000000
113.097526 47.918602 0.000000
112.931098 47.919566 0.000000
112.780434 47.958567 0.000000
112.639460 48.020947 0.000000
112.471983 48.019381 0.000000
112.304984 48.018968 0.000000
112.138144 48.018940 0.000000
111.971318 48.018942 0.000000
111.804490 48.018942 0.000000
111.637662 48.018942 0.000000
111.470835 48.018942 0.000000
111.304007 48.018942 0.000000
111.137179 48.018942 0.000000
110.970351 48.018942 0.000000
110.803523 48.018942 0.000000
110.636696 48.018942 0.000000
110.469868 48.018942 0.000000
110.303040 48.018942 0.000000
110.136212 48.018942 0.000000
109.969385 48.018942 0.000000
109.802557 48.018942 0.000000
109.635729 48.018942 0.000000
109.468901 48.018942 0.000000
109.302074 48.018942 0.000000
109.135246 48.018942 0.000000
108.968418 48.018942 0.000000
108.801590 48.018942 0.000000
108.634763 48.018942 0.000000
108.467935 48.018942 0.000000
108.301107 48.018942 0.000000
108.134279 48.018942 0.000000
107.967451 48.018942 0.000000
107.800624 48.018942 0.000000
107.633796 48.018942 0.000000
107.466968 48.018942 0.000000
107.300140 48.018942 0.000000
107.133313 48.018942 0.000000
106.966485 48.018942 0.000000
106.799657 48.018942 0.000000
106.632829 48.018942 0.000000
106.466002 48.018942 0.000000
106.299174 48.018942 0.000000
106.132346 48.018942 0.000000
105.965518 48.018942 0.000000
105.798691 48.018942 0.000000
105.631863 48.018942 0.000000
105.465035 48.018942 0.000000
105.298207 48.018942 0.000000
105.131379 48.018942 0.000000
104.964552 48.018942 0.000000
104.797724 48.018942 0.000000
104.630896 48.018942 0.000000
104.464068 48.018942 0.000000
104.297241 48.018942 0.000000
104.130413 48.018942 0.000000
103.963585 48.018943 0.000000
103.796759 48.018947 0.000000
103.629923 48.018927 0.000000
103.462907 48.018471 0.000000
103.294935 48.015711 0.000000
103.157481 48.086584 0.000000
103.003578 48.117771 0.000000
102.837340 48.119194 0.000000
102.670464 48.119076 0.000000
102.503623 48.119046 0.000000
102.336795 48.119044 0.000000
102.169967 48.119044 0.000000
102.003139 48.119044 0.000000
101.836312 48.119044 0.000000
101.669484 48.119044 0.000000
101.502656 48.119044 0.000000
101.335828 48.119044 0.000000
101.169001 48.119044 0.000000
101.002173 48.119044 0.000000
100.835345 48.119044 0.000000
100.668517 48.119044 0.000000
100.501690 48.119044 0.000000
100.334862 48.119044 0.000000
100.168034 48.119044 0.000000
100.001206 48.119044 0.000000
99.834379 48.119044 0.000000
99.667551 48.119044 0.000000
99.500723 48.119044 0.000000
99.333895 48.119044 0.000000
99.167067 48.119044 0.000000
99.000240 48.119044 0.000000
98.833412 48.119044 0.000000
98.666584 48.119044 0.000000
98.499756 48.119044 0.000000
98.332929 48.119044 0.000000
98.166101 48.119044 0.000000
97.999273 48.119044 0.000000
97.832445 48.119044 0.000000
97.665618 48.119044 0.000000
97.498790 48.119044 0.000000
97.331962 48.119044 0.000000
97.165134 48.119044 0.000000
96.998307 48.119044 0.000000
96.831479 48.119044 0.000000
96.664651 48.119044 0.000000
96.497823 48.119044 0.000000
96.330995 48.119044 0.000000
96.164168 48.119044 0.000000
95.997340 48.119044 0.000000
95.830512 48.119044 0.000000
95.663684 48.119044 0.000000
95.496856 48.119043 0.000000
95.330031 48.119049 0.000000
95.163253 48.119169 0.000000
94.996705 48.119843 0.000000
94.828156 48.115692 0.000000
94.706030 48.223549 0.000000
94.537118 48.218519 0.000000
94.370500 48.219025 0.000000
94.203720 48.219139 0.000000
94.036894 48.219149 0.000000
93.870053 48.219178 0.000000
93.703180 48.219288 0.000000
93.536959 48.217824 0.000000
93.382779 48.187305 0.000000
93.246291 48.114053 0.000000
93.088210 48.092519 0.000000
92.970639 47.972186 0.000000
92.976817 47.802896 0.000000
92.875152 47.678670 0.000000
92.905462 47.528659 0.000000
92.972888 47.390096 0.000000
92.999382 47.234273 0.000000
93.119737 47.117273 0.000000
93.168065 46.970451 0.000000
93.271433 46.846415 0.000000
93.333154 46.705138 0.000000
93.454435 46.588518 0.000000
93.491654 46.437098 0.000000
93.566398 46.301212 0.000000
93.662540 46.174185 0.000000
93.771936 46.052644 0.000000
93.829458 45.909629 0.000000
93.871878 45.760362 0.000000
93.990762 45.642749 0.000000
94.068252 45.508000 0.000000
94.161985 45.379975 0.000000
94.201640 45.229564 0.000000
94.322890 45.112930 0.000000
94.369238 44.965289 0.000000
94.471534 44.840809 0.000000
94.535980 44.700661 0.000000
94.657092 44.583970 0.000000
94.694735 44.432726 0.000000
94.766305 44.295526 0.000000
94.865078 44.169588 0.000000
94.972371 44.047176 0.000000
95.032843 43.905383 0.000000
95.073815 43.755516 0.000000
95.193770 43.638347 0.000000
95.276249 43.505663 0.000000
95.284961 43.342442 0.000000
95.368876 43.210353 0.000000
95.459531 43.081054 0.000000
95.496889 42.929692 0.000000
95.566297 42.791597 0.000000
95.666761 42.666359 0.000000
95.772579 42.543337 0.000000
95.835066 42.402377 0.000000
95.875192 42.252160 0.000000
95.995219 42.135021 0.000000
96.067871 41.998269 0.000000
96.165346 41.871793 0.000000
96.206991 41.722206 0.000000
96.328211 41.605560 0.000000
96.371666 41.456721 0.000000
96.471479 41.331213 0.000000
96.540597 41.192999 0.000000
96.661209 41.076101 0.000000
96.700049 40.925352 0.000000
96.766353 40.785973 0.000000
96.869292 40.661759 0.000000
96.972784 40.537774 0.000000
97.038366 40.398096 0.000000
97.077421 40.247436 0.000000
97.197938 40.130499 0.000000
97.267714 39.992556 0.000000
97.367119 39.866880 0.000000
97.410214 39.717892 0.000000
97.531433 39.601246 0.000000
97.573395 39.451790 0.000000
97.671338 39.325508 0.000000
97.743324 39.188480 0.000000
97.863476 39.071392 0.000000
97.903336 38.921065 0.000000
97.966529 38.780398 0.000000
98.071822 38.657159 0.000000
98.172870 38.532162 0.000000
98.241601 38.393787 0.000000
98.279811 38.242778 0.000000
98.400691 38.125991 0.000000
98.467631 37.986875 0.000000
98.568695 37.861885 0.000000
98.613425 37.713574 0.000000
98.734654 37.596932 0.000000
98.775313 37.446936 0.000000
98.871135 37.319776 0.000000
98.946019 37.183948 0.000000
99.065571 37.066612 0.000000
99.106678 36.916802 0.000000
99.166834 36.774877 0.000000
99.274355 36.652560 0.000000
99.372855 36.526509 0.000000
99.444760 36.389448 0.000000
99.482348 36.238181 0.000000
99.603482 36.121499 0.000000
99.667638 35.981230 0.000000
99.770062 35.856803 0.000000
99.816610 35.709245 0.000000
99.937863 35.592613 0.000000
99.977410 35.442157 0.000000
100.070886 35.314026 0.000000
100.148684 35.179404 0.000000
100.267480 35.061755 0.000000
100.310067 34.912557 0.000000
100.367285 34.769416 0.000000
100.476894 34.647964 0.000000
100.572753 34.520819 0.000000
100.647832 34.385072 0.000000
100.685018 34.233639 0.000000
100.806312 34.117023 0.000000
100.867750 33.975629 0.000000
100.971213 33.851632 0.000000
101.019756 33.704900 0.000000
101.141043 33.588282 0.000000
101.179674 33.437447 0.000000
101.270607 33.308263 0.000000
101.351323 33.174850 0.000000
101.469188 33.056815 0.000000
101.513490 32.908327 0.000000
101.567897 32.764022 0.000000
101.679440 32.643371 0.000000
101.772582 32.515101 0.000000
101.850806 32.380656 0.000000
101.887806 32.229145 0.000000
102.009185 32.112565 0.000000
102.067983 31.970078 0.000000
102.172158 31.846376 0.000000
102.222848 31.700533 0.000000
102.344181 31.583934 0.000000
102.382094 31.432801 0.000000
102.470314 31.302494 0.000000
102.553939 31.170285 0.000000
102.670681 31.051785 0.000000
102.716937 30.904106 0.000000
102.768687 30.758702 0.000000
102.881998 30.638782 0.000000
102.972356 30.509360 0.000000
103.053671 30.376195 0.000000
103.090699 30.224696 0.000000
103.212104 30.108126 0.000000
103.268354 29.964584 0.000000
103.372913 29.841042 0.000000
103.425885 29.696143 0.000000
103.547262 29.579562 0.000000
103.584660 29.428216 0.000000
103.670022 29.296726 0.000000
103.756534 29.165712 0.000000
103.871949 29.046663 0.000000
103.920397 28.899891 0.000000
103.969669 28.753461 0.000000
104.084570 28.634199 0.000000
104.172091 28.503603 0.000000
104.256416 28.371684 0.000000
104.293682 28.220283 0.000000
104.415071 28.103707 0.000000
104.468877 27.959154 0.000000
104.573494 27.835635 0.000000
104.628870 27.691731 0.000000
104.750273 27.575161 0.000000
104.787361 27.423687 0.000000
104.869748 27.290965 0.000000
104.959111 27.161131 0.000000
105.073004 27.041452 0.000000
105.123858 26.895677 0.000000
105.170860 26.748307 0.000000
105.287158 26.629623 0.000000
105.371804 26.497837 0.000000
105.459031 26.367119 0.000000
105.496740 26.215901 0.000000
105.618089 26.099309 0.000000
105.669569 25.953793 0.000000
105.773916 25.830162 0.000000
105.831805 25.687299 0.000000
105.953199 25.570725 0.000000
105.990185 25.419209 0.000000
106.069506 25.285218 0.000000
106.161673 25.156545 0.000000
106.273859 25.036159 0.000000
106.327311 24.891459 0.000000
106.372274 24.743245 0.000000
106.489766 24.625056 0.000000
106.571509 24.492067 0.000000
106.661504 24.362495 0.000000
106.699859 24.211546 0.000000
106.821162 24.094934 0.000000
106.870445 23.948508 0.000000
106.974196 23.824631 0.000000
107.034694 23.682847 0.000000
107.156026 23.566248 0.000000
107.193122 23.414777 0.000000
107.269314 23.279491 0.000000
107.364223 23.151953 0.000000
107.474532 23.030790 0.000000
107.530744 22.887233 0.000000
107.573908 22.738274 0.000000
107.692397 22.620497 0.000000
107.771223 22.486302 0.000000
107.863825 22.357808 0.000000
107.903026 22.207209 0.000000
108.024290 22.090581 0.000000
108.071522 21.943306 0.000000
108.174350 21.819047 0.000000
108.237539 21.678378 0.000000
108.358739 21.561724 0.000000
108.396161 21.410388 0.000000
108.469186 21.273790 0.000000
108.566764 21.147358 0.000000
108.675038 21.025352 0.000000
108.734146 20.882994 0.000000
108.775748 20.733388 0.000000
108.895053 20.615949 0.000000
108.970962 20.480546 0.000000
109.065981 20.353054 0.000000
109.106226 20.202887 0.000000
109.227462 20.086247 0.000000
109.272813 19.938193 0.000000
109.374386 19.813414 0.000000
109.440278 19.673864 0.000000
109.560027 19.556609 0.000000
109.564701 19.391717 0.000000
109.656466 19.262877 0.000000
109.692892 19.111129 0.000000
109.770445 18.976406 0.000000
109.867311 18.849678 0.000000
109.908363 18.699845 0.000000
110.029588 18.583201 0.000000
110.073789 18.434671 0.000000
110.174367 18.309480 0.000000
110.242185 18.170728 0.000000
110.362965 18.053900 0.000000
110.401415 17.902989 0.000000
110.469160 17.764206 0.000000
110.570981 17.639530 0.000000
110.675553 17.515992 0.000000
110.739710 17.375724 0.000000
110.779227 17.225255 0.000000
110.899537 17.108232 0.000000
110.970625 16.970833 0.000000
111.069179 16.844804 0.000000
111.111587 16.695532 0.000000
111.232805 16.578886 0.000000
111.275427 16.429702 0.000000
111.374259 16.303788 0.000000
111.444927 16.166216 0.000000
111.565306 16.049222 0.000000
111.604671 15.898690 0.000000
111.669281 15.758609 0.000000
111.773511 15.634930 0.000000
111.875692 15.510402 0.000000
111.942976 15.371428 0.000000
111.981545 15.220567 0.000000
112.102274 15.103718 0.000000
112.170507 14.965137 0.000000
112.270847 14.839847 0.000000
112.314805 14.691217 0.000000
112.436028 14.574572 0.000000
112.477260 14.424814 0.000000
112.574082 14.298068 0.000000
112.647636 14.161690 0.000000
112.767482 14.044475 0.000000
112.807989 13.894416 0.000000
112.869525 13.753063 0.000000
112.976043 13.630330 0.000000
113.075721 13.504767 0.000000
113.146171 13.367104 0.000000
113.184017 13.215943 0.000000
113.305047 13.099219 0.000000
113.370470 12.959474 0.000000
113.472311 12.834806 0.000000
113.518004 12.686894 0.000000
113.639244 12.570257 0.000000
113.679276 12.420001 0.000000
113.773853 12.292325 0.000000
113.850315 12.157151 0.000000
113.969478 12.039654 0.000000
114.011358 11.890163 0.000000
114.069907 11.747573 0.000000
114.178579 11.625733 0.000000
114.275657 11.499093 0.000000
114.349284 11.362745 0.000000
114.386628 11.211377 0.000000
114.507859 11.094735 0.000000
114.570532 10.953853 0.000000
114.673560 10.829676 0.000000
114.721169 10.682557 0.000000
114.842439 10.565932 0.000000
114.881465 10.415260 0.000000
114.973585 10.286567 0.000000
115.052966 10.152601 0.000000
115.171280 10.034752 0.000000
115.214767 9.885927 0.000000
115.270444 9.742148 0.000000
115.381121 9.621138 0.000000
115.475516 9.493387 0.000000
115.552305 9.358348 0.000000
115.589364 9.206862 0.000000
115.710712 9.090269 0.000000
115.770708 8.948278 0.000000
115.874598 8.824458 0.000000
115.924287 8.678200 0.000000
116.045598 8.561592 0.000000
116.083815 8.410585 0.000000
116.173297 8.280801 0.000000
116.255592 8.148041 0.000000
116.372873 8.029764 0.000000
116.418204 7.881703 0.000000
116.471150 7.736793 0.000000
116.583673 7.616547 0.000000
116.675313 7.487656 0.000000
116.755221 7.353908 0.000000
116.792210 7.202393 0.000000
116.913609 7.085821 0.000000
116.971014 6.942757 0.000000
117.075438 6.819158 0.000000
117.127349 6.673820 0.000000
117.248707 6.557232 0.000000
117.286316 6.405973 0.000000
117.373002 6.275031 0.000000
117.458196 6.143471 0.000000
117.574244 6.024685 0.000000
117.621659 5.877486 0.000000
117.672042 5.731515 0.000000
117.786238 5.611962 0.000000
117.875064 5.481905 0.000000
117.958023 5.349420 0.000000
117.995153 5.197964 0.000000
118.116554 5.081393 0.000000
118.171465 4.937297 0.000000
118.276096 4.813784 0.000000
118.330357 4.669419 0.000000
118.451752 4.552845 0.000000
118.488956 4.401419 0.000000
118.572718 4.269266 0.000000
118.660781 4.138894 0.000000
118.775394 4.019513 0.000000
118.825122 3.873272 0.000000
118.873136 3.726320 0.000000
118.988819 3.607382 0.000000
119.074786 3.476143 0.000000
119.160704 3.344882 0.000000
119.198262 3.193589 0.000000
119.320006 3.077096 0.000000
119.441222 2.966934 0.000000
119.612486 2.977658 0.000000
119.734454 2.869409 0.000000
119.902448 2.872360 0.000000
120.057394 2.844920 0.000000
120.174212 2.823000 0.000000
