116.173413 2.923102 0.000000
116.315103 2.974568 0.000000
116.463294 3.010704 0.000000
116.575862 3.128332 0.000000
116.565846 3.295345 0.000000
116.668478 3.415439 0.000000
116.637961 3.562622 0.000000
116.568445 3.696477 0.000000
116.549976 3.851794 0.000000
116.432717 3.966259 0.000000
116.376072 4.105820 0.000000
116.272918 4.226127 0.000000
116.228335 4.370682 0.000000
116.110329 4.484841 0.000000
116.070672 4.631435 0.000000
115.971140 4.753242 0.000000
115.906856 4.889641 0.000000
115.788366 5.003599 0.000000
115.754167 5.152453 0.000000
115.674743 5.282584 0.000000
115.587785 5.409597 0.000000
115.473452 5.525276 0.000000
115.430936 5.670686 0.000000
115.376302 5.811080 0.000000
115.269797 5.930000 0.000000
115.170073 6.051728 0.000000
115.106124 6.188266 0.000000
115.068547 6.335721 0.000000
114.951549 6.450297 0.000000
114.873300 6.580915 0.000000
114.784878 6.707321 0.000000
114.750120 6.855943 0.000000
114.631704 6.969932 0.000000
114.575707 7.109762 0.000000
114.472340 7.229982 0.000000
114.427228 7.374317 0.000000
114.309212 7.488472 0.000000
114.269934 7.635223 0.000000
114.170855 7.757217 0.000000
114.105845 7.893315 0.000000
113.987373 8.007282 0.000000
113.953129 8.156116 0.000000
113.874509 8.286581 0.000000
113.786831 8.413295 0.000000
113.672803 8.529101 0.000000
113.629765 8.674295 0.000000
113.575876 8.814997 0.000000
113.468855 8.933704 0.000000
113.369756 9.055690 0.000000
113.304988 9.191889 0.000000
113.267728 9.339475 0.000000
113.150576 9.453988 0.000000
113.073074 9.584914 0.000000
112.983945 9.711028 0.000000
112.949049 9.859593 0.000000
112.830656 9.973592 0.000000
112.775329 10.113699 0.000000
112.671776 10.233841 0.000000
112.626124 10.377953 0.000000
112.508096 10.492103 0.000000
112.469185 10.639006 0.000000
112.370576 10.761195 0.000000
112.304836 10.896991 0.000000
112.186389 11.010968 0.000000
112.152084 11.159777 0.000000
112.074272 11.290576 0.000000
111.985877 11.416993 0.000000
111.872168 11.532931 0.000000
111.828593 11.677903 0.000000
111.775439 11.818910 0.000000
111.667912 11.937407 0.000000
111.569447 12.059656 0.000000
111.503857 12.195514 0.000000
111.466897 12.343224 0.000000
111.349601 12.457677 0.000000
111.272847 12.588914 0.000000
111.183022 12.714739 0.000000
111.147974 12.863241 0.000000
111.029605 12.977250 0.000000
110.974942 13.117632 0.000000
110.871225 13.237706 0.000000
110.825023 13.381591 0.000000
110.706981 13.495735 0.000000
110.668423 13.642784 0.000000
110.570302 13.765175 0.000000
110.503830 13.900668 0.000000
110.385412 14.014657 0.000000
110.351032 14.163435 0.000000
110.274032 14.294570 0.000000
110.184919 14.420690 0.000000
110.071563 14.536774 0.000000
110.026928 14.681307 0.000000
109.908870 14.795445 0.000000
109.869074 14.941981 0.000000
109.752680 15.056808 0.000000
109.672256 15.186525 0.000000
109.590334 15.315622 0.000000
109.474396 15.430638 0.000000
109.434783 15.577250 0.000000
109.375300 15.715636 0.000000
109.272250 15.835987 0.000000
109.168772 15.956160 0.000000
109.109876 16.094790 0.000000
109.069953 16.241273 0.000000
108.954165 16.356351 0.000000
108.871251 16.485037 0.000000
108.787480 16.613369 0.000000
108.753269 16.762217 0.000000
108.634756 16.876166 0.000000
108.574431 17.014204 0.000000
108.472740 17.135118 0.000000
108.430746 17.280744 0.000000
108.312767 17.394914 0.000000
108.270891 17.540589 0.000000
108.169287 17.661539 0.000000
108.108780 17.799501 0.000000
107.990265 17.913450 0.000000
107.956065 18.062303 0.000000
107.872492 18.190716 0.000000
107.789388 18.319324 0.000000
107.673659 18.434426 0.000000
107.633626 18.580864 0.000000
107.574933 18.719577 0.000000
107.471309 18.839690 0.000000
107.368408 18.960103 0.000000
107.308720 19.098404 0.000000
107.269212 19.245060 0.000000
107.153201 19.360045 0.000000
107.071026 19.489037 0.000000
106.986492 19.617053 0.000000
106.952232 19.765881 0.000000
106.833727 19.879834 0.000000
106.774104 20.018162 0.000000
106.672089 20.138941 0.000000
106.629631 20.284376 0.000000
106.511651 20.398546 0.000000
106.470222 20.544406 0.000000
106.368969 20.665500 0.000000
106.307755 20.803170 0.000000
106.189236 20.917117 0.000000
106.155067 21.065983 0.000000
106.072266 21.194716 0.000000
105.988427 21.323020 0.000000
105.872935 21.438220 0.000000
105.832466 21.584477 0.000000
105.774557 21.723515 0.000000
105.670367 21.843394 0.000000
105.568051 21.964049 0.000000
105.507566 22.102020 0.000000
105.468458 22.248841 0.000000
105.352237 22.363739 0.000000
105.270802 22.493038 0.000000
105.185512 22.620741 0.000000
105.151189 22.769543 0.000000
105.032695 22.883500 0.000000
104.973770 23.022117 0.000000
104.871452 23.142771 0.000000
104.828518 23.288008 0.000000
104.710534 23.402177 0.000000
104.669541 23.548217 0.000000
104.568657 23.669465 0.000000
104.506732 23.806840 0.000000
104.388213 23.920787 0.000000
104.354061 24.069660 0.000000
104.272040 24.198716 0.000000
104.187467 24.326715 0.000000
104.072224 24.442019 0.000000
104.031304 24.588090 0.000000
103.974172 24.727449 0.000000
103.869426 24.847098 0.000000
103.767703 24.967998 0.000000
103.706415 25.105637 0.000000
103.667691 25.252617 0.000000
103.551271 25.367433 0.000000
103.470578 25.497039 0.000000
103.384542 25.624432 0.000000
103.350140 25.773202 0.000000
103.231660 25.887165 0.000000
103.173428 26.026069 0.000000
103.070828 26.146606 0.000000
103.027405 26.291641 0.000000
102.909417 26.405808 0.000000
102.868846 26.552023 0.000000
102.768353 26.673432 0.000000
102.705712 26.810511 0.000000
102.587197 26.924460 0.000000
102.553047 27.073333 0.000000
102.471812 27.202715 0.000000
102.386508 27.330412 0.000000
102.271528 27.445824 0.000000
102.230139 27.591701 0.000000
102.173778 27.731379 0.000000
102.068485 27.850801 0.000000
101.967362 27.971950 0.000000
101.905268 28.109255 0.000000
101.866912 28.256388 0.000000
101.750303 28.371125 0.000000
101.670354 28.501039 0.000000
101.583579 28.628127 0.000000
101.549085 28.776859 0.000000
101.430622 28.890829 0.000000
101.373078 29.030018 0.000000
101.270219 29.150447 0.000000
101.226294 29.295274 0.000000
101.108300 29.409438 0.000000
101.068138 29.555823 0.000000
100.968055 29.677402 0.000000
100.904695 29.814184 0.000000
100.786188 29.928135 0.000000
100.752026 30.077004 0.000000
100.671582 30.206713 0.000000
100.585550 30.334109 0.000000
100.470846 30.449635 0.000000
100.428973 30.595311 0.000000
100.373375 30.735306 0.000000
100.267543 30.854505 0.000000
100.167030 30.975907 0.000000
100.104125 31.112885 0.000000
100.066128 31.260237 0.000000
99.949676 31.378295 0.000000
99.798165 31.412677 0.000000
99.763418 31.565028 0.000000
99.668727 31.689040 0.000000
99.597763 31.822703 0.000000
99.479661 31.936824 0.000000
99.444502 32.085280 0.000000
99.372515 32.218490 0.000000
99.279154 32.342852 0.000000
99.168080 32.459881 0.000000
99.120264 32.603097 0.000000
99.072037 32.746143 0.000000
98.961228 32.863282 0.000000
98.867436 32.987465 0.000000
98.795974 33.120892 0.000000
98.760701 33.269301 0.000000
98.642646 33.383440 0.000000
98.571195 33.516872 0.000000
98.476776 33.640796 0.000000
98.440250 33.788685 0.000000
98.322068 33.902772 0.000000
98.271930 34.045027 0.000000
98.167684 34.164882 0.000000
98.117320 34.307044 0.000000
97.999129 34.421126 0.000000
97.962696 34.569055 0.000000
97.868499 34.693070 0.000000
97.796774 34.826389 0.000000
97.678748 34.940540 0.000000
97.643407 35.088920 0.000000
97.572249 35.222473 0.000000
97.478207 35.346553 0.000000
97.367554 35.463757 0.000000
97.319086 35.606703 0.000000
97.271507 35.750017 0.000000
97.160282 35.866983 0.000000
97.067172 35.991449 0.000000
96.994881 36.124533 0.000000
96.959784 36.273015 0.000000
96.841656 36.387123 0.000000
96.770949 36.520863 0.000000
96.675936 36.644541 0.000000
96.639146 36.792322 0.000000
96.520990 36.906419 0.000000
96.471460 37.048926 0.000000
96.367229 37.168787 0.000000
96.316246 37.310693 0.000000
96.198029 37.424764 0.000000
96.161841 37.572794 0.000000
96.068257 37.697064 0.000000
95.995786 37.830073 0.000000
95.877844 37.944259 0.000000
95.842306 38.092558 0.000000
95.771978 38.226455 0.000000
95.677262 38.350255 0.000000
95.567042 38.467638 0.000000
95.517909 38.610309 0.000000
95.470965 38.753886 0.000000
95.359334 38.870684 0.000000
95.266912 38.995435 0.000000
95.193794 39.128176 0.000000
95.158858 39.276725 0.000000
95.040663 39.390806 0.000000
94.970700 39.524854 0.000000
94.875107 39.648291 0.000000
94.838040 39.795957 0.000000
94.719907 39.910064 0.000000
94.670979 40.052820 0.000000
94.566786 40.172697 0.000000
94.515176 40.314343 0.000000
94.396932 40.428404 0.000000
94.360976 40.576529 0.000000
94.268019 40.701058 0.000000
94.194800 40.833758 0.000000
94.076951 40.947983 0.000000
94.041201 41.096194 0.000000
93.971702 41.230434 0.000000
93.876316 41.353957 0.000000
93.766541 41.471524 0.000000
93.716731 41.613915 0.000000
93.670410 41.757749 0.000000
93.558386 41.874385 0.000000
93.466657 41.999422 0.000000
93.392712 42.131822 0.000000
93.357922 42.280430 0.000000
93.239667 42.394487 0.000000
93.170447 42.528842 0.000000
93.074290 42.652046 0.000000
93.036932 42.799592 0.000000
92.918822 42.913708 0.000000
92.870487 43.056709 0.000000
92.766352 43.176611 0.000000
92.714108 43.317994 0.000000
92.595775 43.432018 0.000000
92.559407 43.579973 0.000000
92.441283 43.694084 0.000000
92.370490 43.827788 0.000000
92.279221 43.953016 0.000000
92.167195 44.069651 0.000000
92.120690 44.213409 0.000000
92.002629 44.327546 0.000000
91.964350 44.474710 0.000000
91.866638 44.597271 0.000000
91.799568 44.732516 0.000000
91.681179 44.846517 0.000000
91.646728 44.995266 0.000000
91.570392 45.126675 0.000000
91.480706 45.252558 0.000000
91.367609 45.368750 0.000000
91.323019 45.513302 0.000000
91.271176 45.654851 0.000000
91.162758 45.772979 0.000000
91.065457 45.895710 0.000000
90.998371 46.030949 0.000000
90.961916 46.178868 0.000000
90.844384 46.293224 0.000000
90.768987 46.425023 0.000000
90.677929 46.550350 0.000000
90.642578 46.698912 0.000000
90.524314 46.814140 0.000000
90.359491 46.809607 0.000000
90.236606 46.904663 0.000000
90.087926 46.892557 0.000000
89.959434 46.810861 0.000000
89.799228 46.804273 0.000000
89.675454 46.709606 0.000000
89.510951 46.713200 0.000000
89.396156 46.596314 0.000000
89.276992 46.482451 0.000000
89.240451 46.334560 0.000000
89.122134 46.220529 0.000000
89.070331 46.078963 0.000000
88.966153 45.959079 0.000000
88.917407 45.816248 0.000000
88.799281 45.702139 0.000000
88.762126 45.554509 0.000000
88.666360 45.431143 0.000000
88.596624 45.297001 0.000000
88.478410 45.182928 0.000000
88.443520 45.034361 0.000000
88.370149 44.901724 0.000000
88.277938 44.776886 0.000000
88.166186 44.660138 0.000000
88.119434 44.516481 0.000000
88.070096 44.373895 0.000000
87.960010 44.256457 0.000000
87.865089 44.132741 0.000000
87.795014 43.998740 0.000000
87.759413 43.850467 0.000000
87.641499 43.736270 0.000000
87.568799 43.603355 0.000000
87.475405 43.479007 0.000000
87.439289 43.330947 0.000000
87.321064 43.216878 0.000000
87.269890 43.075052 0.000000
87.165668 42.955187 0.000000
87.116323 42.812603 0.000000
86.998174 42.698503 0.000000
86.961301 42.550757 0.000000
86.866109 42.427153 0.000000
86.795630 42.293319 0.000000
86.677481 42.179219 0.000000
86.642435 42.030717 0.000000
86.569891 41.897737 0.000000
86.476991 41.773185 0.000000
86.365640 41.656270 0.000000
86.318256 41.512875 0.000000
86.269586 41.370013 0.000000
86.159064 41.252755 0.000000
86.064816 41.128761 0.000000
85.993912 40.995103 0.000000
85.958512 40.846746 0.000000
85.840511 40.732585 0.000000
85.768558 40.599361 0.000000
85.674547 40.475268 0.000000
85.638190 40.327308 0.000000
85.519991 40.213229 0.000000
85.469439 40.071146 0.000000
85.365195 39.951289 0.000000
85.315244 39.808957 0.000000
85.197070 39.694867 0.000000
85.160465 39.547010 0.000000
85.065863 39.423162 0.000000
84.994639 39.289636 0.000000
84.876561 39.175507 0.000000
84.841344 39.027075 0.000000
84.769628 38.893753 0.000000
84.676044 38.769483 0.000000
84.565106 38.652398 0.000000
84.517078 38.509270 0.000000
84.469065 38.366135 0.000000
84.358118 38.249054 0.000000
84.264549 38.124778 0.000000
84.192815 37.991463 0.000000
84.157602 37.843030 0.000000
84.039522 37.728901 0.000000
83.968315 37.595368 0.000000
83.873700 37.471526 0.000000
83.837088 37.323671 0.000000
83.718915 37.209581 0.000000
83.668977 37.067243 0.000000
83.564733 36.947387 0.000000
83.514168 36.805309 0.000000
83.395968 36.691230 0.000000
83.359617 36.543268 0.000000
83.265619 36.419170 0.000000
83.193650 36.285952 0.000000
83.075651 36.171790 0.000000
83.040247 36.023436 0.000000
82.969361 35.889770 0.000000
82.875097 35.765782 0.000000
82.764585 35.648520 0.000000
82.715900 35.505664 0.000000
82.668544 35.362257 0.000000
82.556712 35.245542 0.000000
82.442389 35.129858 0.000000
82.367790 34.997730 0.000000
82.280438 34.870881 0.000000
82.166468 34.755050 0.000000
82.123355 34.609887 0.000000
82.069570 34.469142 0.000000
81.962477 34.350465 0.000000
81.863467 34.228442 0.000000
81.798584 34.092291 0.000000
81.761367 33.944687 0.000000
81.644194 33.830183 0.000000
81.566797 33.699213 0.000000
81.477570 33.573140 0.000000
81.442654 33.424583 0.000000
81.324263 33.310583 0.000000
81.269031 33.170437 0.000000
81.165453 33.050305 0.000000
81.119725 32.906225 0.000000
81.001695 32.792075 0.000000
80.962834 32.645152 0.000000
80.864292 32.522935 0.000000
80.798449 32.387181 0.000000
80.680006 32.273203 0.000000
80.645692 32.124398 0.000000
80.567994 31.993552 0.000000
80.479498 31.867176 0.000000
80.365835 31.751219 0.000000
80.322183 31.606279 0.000000
80.269132 31.465230 0.000000
80.161535 31.346762 0.000000
80.063159 31.224476 0.000000
79.997453 31.088666 0.000000
79.960534 30.940939 0.000000
79.843219 30.826493 0.000000
79.766570 30.695213 0.000000
79.676648 30.569428 0.000000
79.641577 30.420936 0.000000
79.523212 30.306925 0.000000
79.468643 30.166505 0.000000
79.364904 30.046439 0.000000
79.318624 29.902587 0.000000
79.200578 29.788447 0.000000
79.162058 29.641402 0.000000
79.063479 29.520213 0.000000
78.991310 29.397789 0.000000
78.855294 29.337051 0.000000
78.763776 29.212710 0.000000
78.689474 29.080573 0.000000
78.654740 28.931946 0.000000
78.536463 28.817899 0.000000
78.467553 28.683415 0.000000
78.371163 28.560307 0.000000
78.333680 28.412814 0.000000
78.215578 28.298694 0.000000
78.167490 28.155591 0.000000
78.063387 28.035676 0.000000
78.010876 27.894403 0.000000
77.892594 27.780359 0.000000
77.856942 27.632107 0.000000
77.764898 27.507200 0.000000
77.690617 27.374939 0.000000
77.572914 27.260655 0.000000
77.536836 27.112579 0.000000
77.468515 26.977852 0.000000
77.372189 26.854718 0.000000
77.263063 26.736882 0.000000
77.212274 26.594897 0.000000
77.166811 26.450706 0.000000
77.054251 26.334293 0.000000
76.963513 26.208845 0.000000
76.888400 26.076929 0.000000
76.853791 25.928246 0.000000
76.735464 25.814219 0.000000
76.667294 25.679429 0.000000
76.570362 25.556546 0.000000
76.532569 25.409181 0.000000
76.414487 25.295052 0.000000
76.366980 25.151709 0.000000
76.262968 25.031756 0.000000
76.209814 24.890750 0.000000
76.091505 24.776716 0.000000
76.056052 24.628382 0.000000
75.964665 24.503203 0.000000
75.889636 24.371252 0.000000
75.772046 24.256921 0.000000
75.735719 24.108948 0.000000
75.668226 23.973878 0.000000
75.571245 23.851015 0.000000
75.462591 23.732984 0.000000
75.411098 23.591290 0.000000
75.366224 23.446856 0.000000
75.253301 23.330593 0.000000
75.163267 23.204854 0.000000
75.087334 23.073277 0.000000
75.052834 22.924549 0.000000
74.934463 22.810540 0.000000
74.867031 22.675445 0.000000
74.769573 22.552779 0.000000
74.731456 22.405548 0.000000
74.613393 22.291412 0.000000
74.566458 22.147831 0.000000
74.462560 22.027832 0.000000
74.408755 21.887095 0.000000
74.290420 21.773072 0.000000
74.255151 21.624661 0.000000
74.164435 21.499205 0.000000
74.088657 21.367564 0.000000
73.971188 21.253182 0.000000
73.934597 21.105319 0.000000
73.867931 20.969907 0.000000
73.770302 20.847312 0.000000
73.662129 20.729082 0.000000
73.609923 20.587683 0.000000
73.565622 20.443012 0.000000
73.452350 20.326893 0.000000
73.363024 20.200861 0.000000
73.286273 20.069623 0.000000
73.251868 19.920855 0.000000
73.133460 19.806862 0.000000
73.066764 19.671462 0.000000
72.968795 19.549008 0.000000
72.930342 19.401916 0.000000
72.812295 19.287773 0.000000
72.765924 19.143959 0.000000
72.662160 19.023904 0.000000
72.607700 18.883438 0.000000
72.489338 18.769426 0.000000
72.454241 18.620945 0.000000
72.364206 18.495206 0.000000
72.287680 18.363875 0.000000
72.170342 18.249439 0.000000
72.133471 18.101692 0.000000
72.067630 17.965938 0.000000
71.969359 17.843609 0.000000
71.861679 17.725175 0.000000
71.808749 17.584076 0.000000
71.765006 17.439174 0.000000
71.651397 17.323194 0.000000
71.562783 17.196867 0.000000
71.485219 17.065966 0.000000
71.450894 16.917165 0.000000
71.332455 16.803185 0.000000
71.266491 16.667482 0.000000
71.168029 16.545231 0.000000
71.129227 16.398284 0.000000
71.011195 16.284135 0.000000
70.965377 16.140092 0.000000
70.861771 16.019972 0.000000
70.806648 15.879780 0.000000
70.688262 15.765779 0.000000
70.653321 15.617232 0.000000
70.563978 15.491207 0.000000
70.486704 15.360186 0.000000
70.369508 15.245691 0.000000
70.332341 15.098067 0.000000
70.267322 14.961972 0.000000
70.168416 14.839906 0.000000
70.061239 14.721264 0.000000
70.007576 14.580468 0.000000
69.964376 14.435341 0.000000
69.850444 14.319495 0.000000
69.762546 14.192872 0.000000
69.684172 14.062306 0.000000
69.649911 13.913478 0.000000
69.531447 13.799509 0.000000
69.466214 13.663503 0.000000
69.367276 13.541450 0.000000
69.328111 13.394652 0.000000
69.210092 13.280499 0.000000
69.164816 13.136231 0.000000
69.061390 13.016036 0.000000
69.005599 12.876121 0.000000
68.887189 12.762129 0.000000
68.852391 12.613524 0.000000
68.763752 12.487207 0.000000
68.685731 12.356496 0.000000
68.568685 12.241939 0.000000
68.531206 12.094443 0.000000
68.467008 11.958009 0.000000
68.367474 11.836203 0.000000
68.260810 11.717348 0.000000
68.206405 11.576860 0.000000
68.163731 11.431515 0.000000
68.049489 11.315797 0.000000
67.962311 11.188876 0.000000
67.883132 11.058643 0.000000
67.848921 10.909795 0.000000
67.730436 10.795834 0.000000
67.665931 10.659527 0.000000
67.566535 10.537663 0.000000
67.526995 10.391021 0.000000
67.408986 10.276863 0.000000
67.364243 10.132375 0.000000
67.261019 10.012096 0.000000
67.204553 9.872461 0.000000
67.086121 9.758478 0.000000
67.051452 9.609819 0.000000
66.963527 9.483207 0.000000
66.884759 9.352805 0.000000
66.767874 9.238181 0.000000
66.730068 9.090821 0.000000
66.666687 8.954049 0.000000
66.566532 8.832499 0.000000
66.460391 8.713428 0.000000
66.405234 8.573251 0.000000
66.363069 8.427695 0.000000
66.247799 8.312404 0.000000
66.133469 8.196722 0.000000
66.065605 8.061806 0.000000
65.971821 7.937619 0.000000
65.861239 7.820382 0.000000
65.812678 7.677474 0.000000
65.764860 7.534891 0.000000
65.626586 7.480754 0.000000
65.507777 7.373413 0.000000
65.463614 7.228551 0.000000
65.360635 7.108175 0.000000
65.303428 6.968845 0.000000
65.184974 6.854871 0.000000
65.150430 6.706161 0.000000
65.063295 6.579222 0.000000
64.983712 6.449156 0.000000
64.867015 6.334455 0.000000
64.828834 6.187250 0.000000
64.766341 6.050110 0.000000
64.665517 5.928838 0.000000
64.559958 5.809526 0.000000
64.503973 5.669691 0.000000
64.462348 5.523912 0.000000
64.347502 5.408445 0.000000
64.261839 5.280896 0.000000
64.180993 5.151354 0.000000
64.146839 5.002482 0.000000
64.028327 4.888532 0.000000
63.965333 4.751599 0.000000
63.865039 4.630108 0.000000
63.824650 4.483817 0.000000
63.706935 4.369534 0.000000
63.662855 4.224776 0.000000
63.620606 4.079752 0.000000
63.625271 3.965247 0.000000
63.661800 3.818040 0.000000
63.711068 3.675412 0.000000
63.829652 3.567693 0.000000
63.997402 3.579307 0.000000
64.116083 3.472331 0.000000
64.280141 3.474857 0.000000
64.442707 3.473785 0.000000
64.605665 3.473657 0.000000
64.768677 3.473660 0.000000
64.931688 3.473662 0.000000
65.094699 3.473662 0.000000
65.257709 3.473661 0.000000
65.420720 3.473661 0.000000
65.583745 3.473694 0.000000
65.746874 3.473981 0.000000
65.909606 3.473308 0.000000
66.056087 3.433424 0.000000
66.193267 3.371101 0.000000
66.357104 3.373093 0.000000
66.520303 3.373548 0.000000
66.683321 3.373566 0.000000
66.846330 3.373561 0.000000
67.009340 3.373560 0.000000
67.172351 3.373560 0.000000
67.335362 3.373560 0.000000
67.498373 3.373560 0.000000
67.661383 3.373560 0.000000
67.824394 3.373560 0.000000
67.987405 3.373560 0.000000
68.150415 3.373560 0.000000
68.313426 3.373560 0.000000
68.476437 3.373560 0.000000
68.639448 3.373560 0.000000
68.802458 3.373560 0.000000
68.965469 3.373560 0.000000
69.128480 3.373560 0.000000
69.291491 3.373560 0.000000
69.454501 3.373560 0.000000
69.617512 3.373560 0.000000
69.780523 3.373560 0.000000
69.943534 3.373560 0.000000
70.106544 3.373560 0.000000
70.269555 3.373560 0.000000
70.432566 3.373560 0.000000
70.595577 3.373560 0.000000
70.758587 3.373560 0.000000
70.921598 3.373560 0.000000
71.084609 3.373560 0.000000
71.247619 3.373560 0.000000
71.410630 3.373560 0.000000
71.573641 3.373560 0.000000
71.736652 3.373560 0.000000
71.899662 3.373560 0.000000
72.062673 3.373560 0.000000
72.225684 3.373560 0.000000
72.388695 3.373560 0.000000
72.551705 3.373560 0.000000
72.714716 3.373560 0.000000
72.877727 3.373560 0.000000
73.040738 3.373560 0.000000
73.203748 3.373560 0.000000
73.366759 3.373560 0.000000
73.529770 3.373560 0.000000
73.692781 3.373560 0.000000
73.855791 3.373560 0.000000
74.018802 3.373560 0.000000
74.181813 3.373560 0.000000
74.344824 3.373560 0.000000
74.507834 3.373560 0.000000
74.670845 3.373560 0.000000
74.833856 3.373560 0.000000
74.996866 3.373560 0.000000
75.159877 3.373560 0.000000
75.322888 3.373560 0.000000
75.485899 3.373560 0.000000
75.648909 3.373560 0.000000
75.811920 3.373560 0.000000
75.974931 3.373560 0.000000
76.137942 3.373561 0.000000
76.300950 3.373554 0.000000
76.463915 3.373443 0.000000
76.626819 3.373187 0.000000
76.792481 3.379583 0.000000
76.912208 3.275148 0.000000
77.075114 3.274895 0.000000
77.237574 3.273566 0.000000
77.400536 3.273448 0.000000
77.563550 3.273456 0.000000
77.726562 3.273458 0.000000
77.889572 3.273458 0.000000
78.052583 3.273458 0.000000
78.215594 3.273458 0.000000
78.378605 3.273458 0.000000
78.541615 3.273458 0.000000
78.704626 3.273458 0.000000
78.867637 3.273458 0.000000
79.030647 3.273458 0.000000
79.193658 3.273458 0.000000
79.356669 3.273458 0.000000
79.519680 3.273458 0.000000
79.682690 3.273458 0.000000
79.845701 3.273458 0.000000
80.008712 3.273458 0.000000
80.171723 3.273458 0.000000
80.334733 3.273458 0.000000
80.497744 3.273458 0.000000
80.660755 3.273458 0.000000
80.823766 3.273458 0.000000
80.986776 3.273458 0.000000
81.149787 3.273458 0.000000
81.312798 3.273458 0.000000
81.475809 3.273458 0.000000
81.638819 3.273458 0.000000
81.801830 3.273458 0.000000
81.964841 3.273458 0.000000
82.127851 3.273458 0.000000
82.290862 3.273458 0.000000
82.453873 3.273458 0.000000
82.616884 3.273458 0.000000
82.779894 3.273458 0.000000
82.942905 3.273458 0.000000
83.105916 3.273458 0.000000
83.268927 3.273458 0.000000
83.431937 3.273458 0.000000
83.594948 3.273458 0.000000
83.757959 3.273458 0.000000
83.920970 3.273458 0.000000
84.083980 3.273458 0.000000
84.246991 3.273458 0.000000
84.410002 3.273458 0.000000
84.573013 3.273458 0.000000
84.736023 3.273458 0.000000
84.899034 3.273458 0.000000
85.062045 3.273458 0.000000
85.225055 3.273458 0.000000
85.388066 3.273458 0.000000
85.551077 3.273458 0.000000
85.714088 3.273458 0.000000
85.877098 3.273458 0.000000
86.040109 3.273458 0.000000
86.203120 3.273458 0.000000
86.366131 3.273458 0.000000
86.529141 3.273458 0.000000
86.692152 3.273458 0.000000
86.855163 3.273458 0.000000
87.018174 3.273458 0.000000
87.181198 3.273492 0.000000
87.344300 3.273710 0.000000
87.506831 3.272554 0.000000
87.655944 3.239022 0.000000
87.790317 3.169922 0.000000
87.954554 3.172881 0.000000
88.117761 3.173357 0.000000
88.280775 3.173363 0.000000
88.443783 3.173357 0.000000
88.606794 3.173356 0.000000
88.769804 3.173356 0.000000
88.932815 3.173356 0.000000
89.095826 3.173356 0.000000
89.258836 3.173356 0.000000
89.421847 3.173356 0.000000
89.584858 3.173356 0.000000
89.747869 3.173356 0.000000
89.910879 3.173356 0.000000
90.073890 3.173356 0.000000
90.236901 3.173356 0.000000
90.399912 3.173356 0.000000
90.562922 3.173356 0.000000
90.725933 3.173356 0.000000
90.888944 3.173356 0.000000
91.051955 3.173356 0.000000
91.214965 3.173356 0.000000
91.377976 3.173356 0.000000
91.540987 3.173356 0.000000
91.703998 3.173356 0.000000
91.867008 3.173356 0.000000
92.030019 3.173356 0.000000
92.193030 3.173356 0.000000
92.356041 3.173356 0.000000
92.519051 3.173356 0.000000
92.682062 3.173356 0.000000
92.845073 3.173356 0.000000
93.008083 3.173356 0.000000
93.171094 3.173356 0.000000
93.334105 3.173356 0.000000
93.497116 3.173356 0.000000
93.660126 3.173356 0.000000
93.823137 3.173356 0.000000
93.986148 3.173356 0.000000
94.149159 3.173356 0.000000
94.312169 3.173356 0.000000
94.475180 3.173356 0.000000
94.638191 3.173356 0.000000
94.801202 3.173356 0.000000
94.964212 3.173356 0.000000
95.127223 3.173356 0.000000
95.290234 3.173356 0.000000
95.453245 3.173356 0.000000
95.616255 3.173356 0.000000
95.779266 3.173356 0.000000
95.942277 3.173356 0.000000
96.105287 3.173356 0.000000
96.268298 3.173356 0.000000
96.431309 3.173356 0.000000
96.594321 3.173359 0.000000
96.757341 3.173382 0.000000
96.920344 3.173362 0.000000
97.082618 3.171585 0.000000
97.240302 3.158733 0.000000
97.365279 3.066964 0.000000
97.530791 3.072999 0.000000
97.693935 3.073320 0.000000
97.856922 3.073264 0.000000
98.019929 3.073255 0.000000
98.182940 3.073255 0.000000
98.345950 3.073255 0.000000
98.508961 3.073255 0.000000
98.671972 3.073255 0.000000
98.834983 3.073255 0.000000
98.997993 3.073255 0.000000
99.161004 3.073255 0.000000
99.324015 3.073255 0.000000
99.487026 3.073255 0.000000
99.650036 3.073255 0.000000
99.813047 3.073255 0.000000
99.976058 3.073255 0.000000
100.139068 3.073255 0.000000
100.302079 3.073255 0.000000
100.465090 3.073255 0.000000
100.628101 3.073255 0.000000
100.791111 3.073255 0.000000
100.954122 3.073255 0.000000
101.117133 3.073255 0.000000
101.280144 3.073255 0.000000
101.443154 3.073255 0.000000
101.606165 3.073255 0.000000
101.769176 3.073255 0.000000
101.932187 3.073255 0.000000
102.095197 3.073255 0.000000
102.258208 3.073255 0.000000
102.421219 3.073255 0.000000
102.584230 3.073255 0.000000
102.747240 3.073255 0.000000
102.910251 3.073255 0.000000
103.073262 3.073255 0.000000
103.236272 3.073255 0.000000
103.399283 3.073255 0.000000
103.562294 3.073255 0.000000
103.725305 3.073255 0.000000
103.888315 3.073255 0.000000
104.051326 3.073255 0.000000
104.214337 3.073255 0.000000
104.377348 3.073255 0.000000
104.540358 3.073255 0.000000
104.703369 3.073255 0.000000
104.866380 3.073255 0.000000
105.029391 3.073255 0.000000
105.192401 3.073255 0.000000
105.355412 3.073255 0.000000
105.518423 3.073255 0.000000
105.681434 3.073255 0.000000
105.844444 3.073255 0.000000
106.007455 3.073255 0.000000
106.170467 3.073257 0.000000
106.333480 3.073262 0.000000
106.496440 3.073140 0.000000
106.658942 3.071913 0.000000
106.822350 3.072873 0.000000
106.941683 2.967485 0.000000
107.107244 2.973639 0.000000
107.270104 2.973274 0.000000
107.433066 2.973158 0.000000
107.596074 2.973152 0.000000
107.759086 2.973153 0.000000
107.922096 2.973153 0.000000
108.085107 2.973153 0.000000
108.248118 2.973153 0.000000
108.411129 2.973153 0.000000
108.574139 2.973153 0.000000
108.737150 2.973153 0.000000
108.900161 2.973153 0.000000
109.063172 2.973153 0.000000
109.226182 2.973153 0.000000
109.389193 2.973153 0.000000
109.552204 2.973153 0.000000
109.715215 2.973153 0.000000
109.878225 2.973153 0.000000
110.041236 2.973153 0.000000
110.204247 2.973153 0.000000
110.367257 2.973153 0.000000
110.530268 2.973153 0.000000
110.693279 2.973153 0.000000
110.856290 2.973153 0.000000
111.019300 2.973153 0.000000
111.182311 2.973153 0.000000
111.345322 2.973153 0.000000
111.508333 2.973153 0.000000
111.671343 2.973153 0.000000
111.834354 2.973153 0.000000
111.997365 2.973153 0.000000
112.160376 2.973153 0.000000
112.323386 2.973153 0.000000
112.486397 2.973153 0.000000
112.649408 2.973153 0.000000
112.812419 2.973153 0.000000
112.975429 2.973153 0.000000
113.138440 2.973153 0.000000
113.301451 2.973153 0.000000
113.464462 2.973153 0.000000
113.627472 2.973153 0.000000
113.790483 2.973153 0.000000
113.953494 2.973153 0.000000
114.116504 2.973153 0.000000
114.279515 2.973153 0.000000
114.442526 2.973153 0.000000
114.605537 2.973155 0.000000
114.768560 2.973183 0.000000
114.931588 2.973224 0.000000
115.093870 2.971468 0.000000
115.249271 2.953105 0.000000
115.376750 2.867375 0.000000
115.541960 2.872685 0.000000
115.705150 2.873078 0.000000
115.868259 2.872771 0.000000
116.031409 2.872417 0.000000
116.173413 2.923102 0.000000
